>MA0004.1	Arnt	5.802035661834431
0.2	0.8	0.0	0.0
0.95	0.0	0.05	0.0
0.0	1.0	0.0	0.0
0.0	0.0	1.0	0.0
0.0	0.0	0.0	1.0
0.0	0.0	1.0	0.0
>MA0006.1	Ahr::Arnt	5.343856093328569
0.125	0.333	0.083	0.458
0.0	0.0	0.958	0.042
0.0	0.958	0.0	0.042
0.0	0.0	0.958	0.042
0.0	0.0	0.0	1.0
0.0	0.0	1.0	0.0
>MA0019.1	Ddit3::Cebpa	8.337432271730266
0.359	0.179	0.308	0.154
0.282	0.179	0.359	0.179
0.462	0.077	0.385	0.077
0.0	0.026	0.0	0.974
0.0	0.0	0.974	0.026
0.103	0.846	0.0	0.051
0.974	0.026	0.0	0.0
0.923	0.051	0.026	0.0
0.0	0.154	0.0	0.846
0.359	0.436	0.128	0.077
0.103	0.59	0.231	0.077
0.0	0.667	0.154	0.179
>MA0025.1	NFIL3	8.47320147392962
0.043	0.0	0.0	0.957
0.0	0.0	0.087	0.913
0.957	0.0	0.0	0.043
0.0	0.348	0.0	0.652
0.087	0.0	0.913	0.0
0.0	0.0	0.0	1.0
1.0	0.0	0.0	0.0
0.957	0.0	0.043	0.0
0.0	0.478	0.174	0.348
0.304	0.217	0.304	0.174
0.217	0.217	0.13	0.435
>MA0029.1	Mecom	11.167882238993991
0.519	0.074	0.222	0.185
0.741	0.037	0.074	0.148
0.0	0.037	0.926	0.037
1.0	0.0	0.0	0.0
0.037	0.37	0.0	0.593
1.0	0.0	0.0	0.0
0.963	0.0	0.037	0.0
0.0	0.0	1.0	0.0
1.0	0.0	0.0	0.0
0.0	0.111	0.0	0.889
0.889	0.037	0.0	0.074
0.852	0.0	0.148	0.0
0.222	0.259	0.259	0.259
0.556	0.222	0.111	0.111
>MA0030.1	FOXF2	9.812572763939583
0.037	0.37	0.259	0.333
0.37	0.259	0.185	0.185
0.63	0.148	0.074	0.148
0.464	0.179	0.179	0.179
0.136	0.5	0.364	0.0
0.259	0.0	0.741	0.0
0.0	0.0	0.0	1.0
1.0	0.0	0.0	0.0
1.0	0.0	0.0	0.0
1.0	0.0	0.0	0.0
0.0	0.926	0.0	0.074
1.0	0.0	0.0	0.0
0.593	0.148	0.074	0.185
0.259	0.148	0.222	0.37
>MA0031.1	FOXD1	7.032799941570869
0.05	0.05	0.85	0.05
0.0	0.0	0.0	1.0
0.95	0.05	0.0	0.0
1.0	0.0	0.0	0.0
0.9	0.05	0.05	0.0
0.05	0.9	0.0	0.05
1.0	0.0	0.0	0.0
0.35	0.1	0.15	0.4
>MA0038.1	Gfi1	6.817490319293492
0.17	0.377	0.17	0.283
0.528	0.302	0.132	0.038
1.0	0.0	0.0	0.0
1.0	0.0	0.0	0.0
0.019	0.0	0.019	0.962
0.019	0.981	0.0	0.0
0.585	0.132	0.038	0.245
0.151	0.528	0.208	0.113
0.358	0.208	0.038	0.396
0.132	0.245	0.528	0.094
>MA0040.1	Foxq1	8.820237497667065
0.222	0.222	0.167	0.389
0.722	0.056	0.167	0.056
0.278	0.111	0.0	0.611
0.167	0.0	0.0	0.833
0.0	0.0	1.0	0.0
0.0	0.0	0.0	1.0
0.0	0.0	0.0	1.0
0.0	0.0	0.0	1.0
0.944	0.0	0.056	0.0
0.0	0.056	0.222	0.722
0.333	0.0	0.167	0.5
>MA0041.1	Foxd3	9.013427162287183
0.234	0.064	0.553	0.149
0.638	0.043	0.0	0.319
0.511	0.021	0.0	0.468
0.021	0.085	0.0	0.894
0.255	0.0	0.723	0.021
0.0	0.0	0.0	1.0
0.021	0.0	0.0	0.979
0.106	0.0	0.213	0.681
0.298	0.0	0.447	0.255
0.128	0.149	0.0	0.723
0.021	0.043	0.085	0.851
0.0	0.255	0.0	0.745
>MA0051.1	IRF2	13.13357229749093
0.0	0.333	0.583	0.083
0.167	0.0	0.833	0.0
1.0	0.0	0.0	0.0
0.917	0.0	0.0	0.083
1.0	0.0	0.0	0.0
0.167	0.0	0.833	0.0
0.0	0.5	0.0	0.5
0.0	0.0	1.0	0.0
1.0	0.0	0.0	0.0
1.0	0.0	0.0	0.0
1.0	0.0	0.0	0.0
0.0	0.5	0.5	0.0
0.0	0.583	0.167	0.25
0.417	0.167	0.25	0.167
0.5	0.0	0.167	0.333
0.5	0.083	0.083	0.333
0.417	0.167	0.083	0.333
0.25	0.5	0.083	0.167
>MA0056.1	MZF1	5.113032277667492
0.15	0.25	0.2	0.4
0.0	0.0	0.95	0.05
0.1	0.0	0.9	0.0
0.0	0.0	0.95	0.05
0.0	0.0	1.0	0.0
0.9	0.0	0.1	0.0
>MA0057.1	MZF1(var.2)	6.915221807313666
0.062	0.25	0.438	0.25
0.125	0.0	0.438	0.438
0.938	0.062	0.0	0.0
0.0	0.0	0.688	0.312
0.0	0.0	0.938	0.062
0.0	0.125	0.875	0.0
0.0	0.0	0.875	0.125
0.188	0.062	0.5	0.25
0.625	0.0	0.25	0.125
0.5	0.125	0.25	0.125
>MA0059.1	MAX::MYC	8.936803711813972
0.333	0.048	0.429	0.19
0.714	0.048	0.19	0.048
0.095	0.429	0.429	0.048
0.048	0.952	0.0	0.0
1.0	0.0	0.0	0.0
0.0	0.952	0.0	0.048
0.048	0.0	0.952	0.0
0.0	0.048	0.0	0.952
0.0	0.0	1.0	0.0
0.048	0.048	0.857	0.048
0.143	0.238	0.0	0.619
>MA0063.1	Nkx2-5	5.3362172876024925
0.412	0.0	0.059	0.529
0.0	0.235	0.0	0.765
1.0	0.0	0.0	0.0
1.0	0.0	0.0	0.0
0.0	0.0	0.412	0.588
0.235	0.118	0.0	0.647
0.118	0.059	0.647	0.176
>MA0066.1	PPARG	15.022965633413468
0.107	0.286	0.5	0.107
0.107	0.0	0.0	0.893
0.679	0.0	0.321	0.0
0.0	0.036	0.964	0.0
0.036	0.0	0.929	0.036
0.0	0.036	0.143	0.821
0.071	0.821	0.107	0.0
0.929	0.036	0.0	0.036
0.179	0.536	0.143	0.143
0.179	0.25	0.357	0.214
0.143	0.071	0.643	0.143
0.036	0.0	0.071	0.893
0.071	0.179	0.714	0.036
0.786	0.179	0.0	0.036
0.036	0.964	0.0	0.0
0.0	0.893	0.0	0.107
0.107	0.429	0.0	0.464
0.786	0.179	0.0	0.036
0.179	0.429	0.214	0.179
0.25	0.0	0.036	0.714
>MA0067.1	Pax2	5.042607420188041
0.323	0.226	0.161	0.29
0.226	0.032	0.677	0.065
0.097	0.065	0.0	0.839
0.0	0.903	0.032	0.065
0.839	0.032	0.097	0.032
0.065	0.548	0.032	0.355
0.065	0.0	0.613	0.323
0.032	0.355	0.355	0.258
>MA0069.1	Pax6	10.421806031867263
0.047	0.093	0.093	0.767
0.047	0.047	0.0	0.907
0.093	0.605	0.023	0.279
0.907	0.047	0.023	0.023
0.07	0.791	0.023	0.116
0.023	0.0	0.953	0.023
0.023	0.86	0.093	0.023
0.488	0.047	0.047	0.419
0.023	0.093	0.023	0.86
0.047	0.326	0.581	0.047
0.837	0.0	0.14	0.023
0.256	0.256	0.302	0.186
0.023	0.116	0.07	0.791
0.023	0.0	0.395	0.581
>MA0070.1	PBX1	9.449663298611002
0.278	0.333	0.111	0.278
0.167	0.5	0.167	0.167
0.889	0.056	0.056	0.0
0.056	0.056	0.0	0.889
0.0	1.0	0.0	0.0
0.944	0.056	0.0	0.0
0.944	0.0	0.0	0.056
0.0	0.0	0.056	0.944
0.0	1.0	0.0	0.0
0.889	0.056	0.0	0.056
0.667	0.0	0.056	0.278
0.444	0.111	0.111	0.333
>MA0071.1	RORA	8.015605892240314
0.6	0.04	0.08	0.28
0.36	0.04	0.0	0.6
0.24	0.48	0.16	0.12
0.44	0.08	0.2	0.28
0.84	0.0	0.16	0.0
0.0	0.0	1.0	0.0
0.0	0.0	1.0	0.0
0.0	0.0	0.0	1.0
0.0	1.0	0.0	0.0
1.0	0.0	0.0	0.0
>MA0072.1	RORA(var.2)	10.213705234645344
0.25	0.222	0.222	0.306
0.472	0.056	0.194	0.278
0.417	0.0	0.083	0.5
0.972	0.028	0.0	0.0
0.639	0.0	0.0	0.361
0.056	0.333	0.361	0.25
0.0	0.0	0.0	1.0
0.778	0.0	0.222	0.0
0.0	0.0	1.0	0.0
0.0	0.0	1.0	0.0
0.0	0.0	0.0	1.0
0.0	1.0	0.0	0.0
1.0	0.0	0.0	0.0
0.417	0.167	0.278	0.139
>MA0073.1	RREB1	14.49466332295568
0.273	0.727	0.0	0.0
0.091	0.909	0.0	0.0
0.273	0.727	0.0	0.0
0.0	1.0	0.0	0.0
0.636	0.364	0.0	0.0
0.818	0.182	0.0	0.0
0.727	0.273	0.0	0.0
0.364	0.545	0.0	0.091
0.0	1.0	0.0	0.0
1.0	0.0	0.0	0.0
0.364	0.636	0.0	0.0
0.091	0.909	0.0	0.0
0.273	0.727	0.0	0.0
0.364	0.545	0.091	0.0
0.182	0.818	0.0	0.0
0.364	0.455	0.0	0.182
0.364	0.455	0.091	0.091
0.364	0.545	0.0	0.091
0.091	0.636	0.273	0.0
0.364	0.364	0.182	0.091
>MA0074.1	RXRA::VDR	12.122526951226574
0.3	0.0	0.7	0.0
0.0	0.0	1.0	0.0
0.0	0.0	0.9	0.1
0.0	0.0	0.0	1.0
0.0	0.9	0.0	0.1
0.9	0.0	0.1	0.0
0.4	0.2	0.0	0.4
0.2	0.4	0.2	0.2
0.2	0.0	0.8	0.0
0.5	0.0	0.5	0.0
0.0	0.0	1.0	0.0
0.0	0.0	0.0	1.0
0.1	0.0	0.0	0.9
0.0	0.9	0.0	0.1
0.7	0.1	0.2	0.0
>MA0077.1	SOX9	6.940587124112758
0.039	0.724	0.118	0.118
0.105	0.5	0.079	0.316
0.934	0.013	0.0	0.053
0.026	0.013	0.026	0.934
0.092	0.0	0.053	0.855
0.026	0.026	0.947	0.0
0.171	0.0	0.053	0.776
0.118	0.092	0.079	0.711
0.184	0.408	0.092	0.316
>MA0078.1	Sox17	6.439034888730807
0.226	0.29	0.194	0.29
0.258	0.258	0.129	0.355
0.097	0.581	0.032	0.29
0.968	0.0	0.0	0.032
0.0	0.032	0.0	0.968
0.0	0.0	0.0	1.0
0.0	0.0	1.0	0.0
0.0	0.0	0.065	0.935
0.0	0.548	0.323	0.129
>MA0081.1	SPIB	5.6722309777411075
0.633	0.0	0.0	0.367
0.082	0.286	0.592	0.041
0.49	0.327	0.143	0.041
0.041	0.0	0.959	0.0
0.02	0.0	0.959	0.02
0.98	0.0	0.0	0.02
0.959	0.0	0.0	0.041
>MA0084.1	SRY	6.494229675812132
0.179	0.179	0.357	0.286
0.286	0.107	0.143	0.464
0.536	0.0	0.107	0.357
0.643	0.107	0.107	0.143
0.893	0.0	0.0	0.107
0.0	0.929	0.0	0.071
1.0	0.0	0.0	0.0
0.964	0.0	0.036	0.0
0.25	0.0	0.071	0.679
>MA0087.1	Sox5	6.077809232990296
1.0	0.0	0.0	0.0
0.0	0.0	0.043	0.957
0.0	0.0	0.0	1.0
0.043	0.0	0.957	0.0
0.0	0.043	0.0	0.957
0.043	0.043	0.0	0.913
0.348	0.13	0.174	0.348
>MA0089.1	MAFG::NFE2L1	4.835240822931559
0.206	0.324	0.294	0.176
0.853	0.059	0.088	0.0
0.0	0.0	0.0	1.0
0.029	0.0	0.941	0.029
1.0	0.0	0.0	0.0
0.0	0.765	0.059	0.176
>MA0091.1	TAL1::TCF3	8.867130411837586
0.295	0.318	0.182	0.205
0.205	0.227	0.455	0.114
0.886	0.0	0.068	0.045
0.455	0.545	0.0	0.0
0.0	0.977	0.023	0.0
1.0	0.0	0.0	0.0
0.0	0.023	0.25	0.727
0.273	0.727	0.0	0.0
0.0	0.0	0.0	1.0
0.0	0.0	0.977	0.023
0.0	0.068	0.455	0.477
0.091	0.091	0.045	0.773
>MA0092.1	Hand1::Tcf3	7.106018716250038
0.138	0.276	0.345	0.241
0.345	0.0	0.517	0.138
0.069	0.069	0.034	0.828
0.0	0.966	0.0	0.034
0.0	0.0	0.0	1.0
0.0	0.0	1.0	0.0
0.0	0.103	0.862	0.034
0.31	0.483	0.034	0.172
0.552	0.0	0.103	0.345
0.172	0.138	0.138	0.552
>MA0101.1	REL	7.4133511204503195
0.0	0.294	0.471	0.235
0.0	0.059	0.882	0.059
0.059	0.0	0.882	0.059
0.294	0.059	0.529	0.118
0.353	0.294	0.176	0.176
0.294	0.059	0.059	0.588
0.059	0.0	0.0	0.941
0.118	0.0	0.0	0.882
0.0	0.882	0.0	0.118
0.059	0.941	0.0	0.0
>MA0107.1	RELA	8.654507385704912
0.0	0.222	0.611	0.167
0.0	0.0	0.944	0.056
0.0	0.0	1.0	0.0
0.611	0.0	0.389	0.0
0.556	0.167	0.222	0.056
0.111	0.0	0.0	0.889
0.0	0.0	0.0	1.0
0.0	0.111	0.0	0.889
0.0	1.0	0.0	0.0
0.0	1.0	0.0	0.0
>MA0108.2	TBP	8.132296788945197
0.157	0.373	0.391	0.08
0.041	0.118	0.046	0.794
0.905	0.0	0.005	0.09
0.008	0.026	0.005	0.961
0.91	0.0	0.013	0.077
0.689	0.0	0.0	0.311
0.925	0.008	0.051	0.015
0.571	0.005	0.113	0.311
0.398	0.113	0.404	0.085
0.144	0.347	0.386	0.123
0.213	0.378	0.329	0.08
0.211	0.326	0.329	0.134
0.211	0.303	0.329	0.157
0.175	0.275	0.357	0.193
0.198	0.26	0.36	0.183
>MA0109.1	HLTF	4.920831731873199
0.314	0.196	0.235	0.255
0.377	0.226	0.094	0.302
0.441	0.559	0.0	0.0
0.0	1.0	0.0	0.0
0.424	0.0	0.0	0.576
0.0	0.0	0.0	1.0
0.407	0.085	0.203	0.305
0.0	0.0	0.373	0.627
0.294	0.275	0.275	0.157
0.245	0.245	0.204	0.306
>MA0111.1	Spz1	8.627763088486486
0.75	0.0	0.25	0.0
0.0	0.167	0.75	0.083
0.167	0.0	0.833	0.0
0.0	0.0	0.917	0.083
0.083	0.0	0.083	0.833
0.667	0.0	0.0	0.333
0.5	0.0	0.167	0.333
0.083	0.75	0.167	0.0
0.833	0.0	0.167	0.0
0.0	0.083	0.75	0.167
0.167	0.667	0.167	0.0
>MA0115.1	NR1H2::RXRA	15.694302070451581
0.68	0.2	0.0	0.12
0.68	0.04	0.2	0.08
0.8	0.0	0.2	0.0
0.0	0.0	1.0	0.0
0.0	0.0	0.96	0.04
0.0	0.0	0.0	1.0
0.0	1.0	0.0	0.0
1.0	0.0	0.0	0.0
0.96	0.0	0.0	0.04
1.0	0.0	0.0	0.0
0.0	0.0	1.0	0.0
0.0	0.0	1.0	0.0
0.0	0.0	0.0	1.0
0.0	1.0	0.0	0.0
1.0	0.0	0.0	0.0
0.8	0.04	0.08	0.08
0.0	0.6	0.24	0.16
>MA0116.1	Znf423	10.269761965789137
0.212	0.121	0.667	0.0
0.0	0.485	0.515	0.0
0.485	0.515	0.0	0.0
0.515	0.485	0.0	0.0
0.0	1.0	0.0	0.0
0.0	1.0	0.0	0.0
0.03	0.515	0.0	0.455
0.727	0.0	0.0	0.273
0.394	0.0	0.485	0.121
0.0	0.0	1.0	0.0
0.0	0.0	1.0	0.0
0.0	0.0	0.515	0.485
0.0	0.0	0.485	0.515
0.0	0.242	0.485	0.273
0.333	0.667	0.0	0.0
>MA0119.1	NFIC::TLX1	11.61635769699669
0.0	0.0	0.0	1.0
0.0	0.0	1.0	0.0
0.0	0.0	1.0	0.0
0.0	1.0	0.0	0.0
0.875	0.062	0.0	0.062
0.125	0.5	0.312	0.062
0.125	0.5	0.25	0.125
0.438	0.062	0.312	0.188
0.25	0.188	0.125	0.438
0.0	0.0	1.0	0.0
0.0	1.0	0.0	0.0
0.0	1.0	0.0	0.0
1.0	0.0	0.0	0.0
0.875	0.0	0.062	0.062
>MA0125.1	Nobox	6.2241113441024725
0.0	0.026	0.0	0.974
0.947	0.0	0.0	0.053
1.0	0.0	0.0	0.0
0.026	0.026	0.053	0.895
0.053	0.0	0.105	0.842
0.395	0.0	0.579	0.026
0.105	0.316	0.474	0.105
0.053	0.342	0.158	0.447
>MA0130.1	ZNF354C	5.088571536416193
0.438	0.375	0.188	0.0
0.188	0.125	0.0	0.688
0.0	1.0	0.0	0.0
0.0	1.0	0.0	0.0
1.0	0.0	0.0	0.0
0.0	0.938	0.062	0.0
>MA0135.1	Lhx3	10.178102345335716
0.45	0.0	0.15	0.4
0.8	0.1	0.1	0.0
0.95	0.0	0.0	0.05
0.0	0.0	0.0	1.0
0.0	0.0	0.0	1.0
0.95	0.0	0.0	0.05
1.0	0.0	0.0	0.0
0.1	0.1	0.0	0.8
0.0	0.05	0.0	0.95
0.8	0.05	0.0	0.15
0.45	0.0	0.15	0.4
0.1	0.4	0.0	0.5
0.1	0.45	0.15	0.3
>MA0139.1	CTCF	13.059753428986912
0.095	0.319	0.083	0.503
0.183	0.159	0.453	0.205
0.308	0.054	0.492	0.147
0.061	0.876	0.023	0.039
0.009	0.989	0.0	0.002
0.815	0.014	0.071	0.1
0.044	0.578	0.366	0.012
0.117	0.475	0.053	0.355
0.933	0.012	0.035	0.02
0.005	0.0	0.991	0.003
0.366	0.003	0.621	0.01
0.059	0.013	0.553	0.374
0.013	0.0	0.978	0.009
0.062	0.009	0.852	0.078
0.114	0.806	0.006	0.074
0.409	0.014	0.558	0.019
0.09	0.531	0.338	0.041
0.129	0.355	0.08	0.436
0.443	0.199	0.293	0.065
>MA0142.1	Pou5f1::Sox2	11.48948546731968
0.046	0.62	0.048	0.285
0.424	0.042	0.02	0.513
0.008	0.037	0.026	0.929
0.034	0.009	0.058	0.899
0.086	0.265	0.603	0.046
0.303	0.013	0.021	0.663
0.15	0.267	0.136	0.447
0.902	0.022	0.018	0.058
0.012	0.004	0.011	0.973
0.007	0.012	0.905	0.076
0.01	0.752	0.094	0.143
0.769	0.012	0.022	0.197
0.651	0.05	0.231	0.068
0.882	0.024	0.055	0.039
0.145	0.087	0.152	0.615
>MA0149.1	EWSR1-FLI1	17.660112078943133
0.0	0.0	1.0	0.0
0.019	0.0	0.981	0.0
0.99	0.0	0.01	0.0
0.99	0.0	0.01	0.0
0.01	0.0	0.99	0.0
0.019	0.0	0.971	0.01
0.981	0.0	0.019	0.0
0.971	0.0	0.029	0.0
0.0	0.0	0.99	0.01
0.0	0.019	0.981	0.0
0.943	0.038	0.019	0.0
1.0	0.0	0.0	0.0
0.0	0.0	1.0	0.0
0.0	0.019	0.981	0.0
0.952	0.029	0.0	0.019
0.971	0.0	0.019	0.01
0.048	0.0	0.924	0.029
0.029	0.029	0.924	0.019
>MA0062.2	Gabpa	8.61919421892545
0.032	0.777	0.19	0.001
0.071	0.924	0.004	0.001
0.0	0.0	0.999	0.001
0.0	0.0	1.0	0.0
0.998	0.001	0.001	0.0
0.996	0.002	0.0	0.002
0.095	0.032	0.873	0.0
0.057	0.263	0.037	0.643
0.156	0.138	0.609	0.097
0.267	0.265	0.419	0.049
0.235	0.361	0.226	0.178
>MA0138.2	REST	16.876575465345038
0.133	0.109	0.23	0.528
0.036	0.168	0.091	0.704
0.048	0.855	0.031	0.066
0.906	0.019	0.059	0.016
0.021	0.027	0.945	0.006
0.076	0.609	0.201	0.113
0.981	0.004	0.007	0.007
0.002	0.988	0.007	0.003
0.022	0.922	0.012	0.044
0.569	0.125	0.101	0.205
0.137	0.234	0.077	0.552
0.024	0.004	0.967	0.004
0.012	0.003	0.983	0.001
0.877	0.07	0.021	0.032
0.008	0.8	0.146	0.046
0.984	0.006	0.004	0.006
0.026	0.008	0.96	0.006
0.129	0.632	0.115	0.124
0.23	0.019	0.432	0.318
0.134	0.587	0.201	0.079
0.113	0.701	0.023	0.164
>MA0002.2	RUNX1	7.847413549035167
0.144	0.248	0.348	0.26
0.117	0.242	0.234	0.407
0.062	0.536	0.074	0.328
0.028	0.0	0.004	0.968
0.0	0.038	0.936	0.026
0.044	0.064	0.035	0.858
0.0	0.0	0.994	0.006
0.008	0.021	0.924	0.046
0.005	0.2	0.126	0.67
0.066	0.232	0.04	0.662
0.25	0.079	0.144	0.526
>MA0047.2	Foxa2	8.841272553066274
0.001	0.001	0.001	0.996
0.273	0.004	0.719	0.004
0.001	0.001	0.001	0.996
0.001	0.004	0.044	0.951
0.001	0.001	0.216	0.782
0.909	0.005	0.083	0.004
0.002	0.895	0.002	0.1
0.418	0.095	0.004	0.483
0.062	0.328	0.072	0.539
0.517	0.007	0.03	0.446
0.163	0.066	0.598	0.174
0.161	0.243	0.361	0.235
>MA0065.2	Pparg::Rxra	10.324869547966488
0.11	0.37	0.373	0.147
0.118	0.193	0.148	0.541
0.453	0.027	0.428	0.092
0.116	0.003	0.779	0.101
0.161	0.017	0.782	0.039
0.168	0.15	0.458	0.224
0.082	0.634	0.207	0.076
0.949	0.024	0.017	0.009
0.605	0.056	0.313	0.027
0.825	0.006	0.159	0.01
0.095	0.002	0.889	0.014
0.048	0.01	0.803	0.139
0.025	0.115	0.305	0.555
0.063	0.644	0.167	0.126
0.784	0.067	0.055	0.094
>MA0151.1	Arid3a	5.450484590684469
1.0	0.0	0.0	0.0
0.0	0.0	0.0	1.0
0.037	0.333	0.0	0.63
1.0	0.0	0.0	0.0
1.0	0.0	0.0	0.0
0.741	0.0	0.037	0.222
>MA0152.1	NFATC2	6.305418998227863
0.115	0.038	0.077	0.769
0.038	0.077	0.077	0.808
0.038	0.038	0.0	0.923
0.0	0.0	0.0	1.0
0.038	0.962	0.0	0.0
0.0	1.0	0.0	0.0
0.692	0.115	0.038	0.154
>MA0155.1	INSM1	9.51181357417086
0.042	0.0	0.167	0.792
0.0	0.0	0.833	0.167
0.0	0.333	0.125	0.542
0.25	0.625	0.0	0.125
0.667	0.0	0.0	0.333
0.0	0.0	1.0	0.0
0.0	0.042	0.958	0.0
0.0	0.0	1.0	0.0
0.0	0.0	1.0	0.0
0.0	0.083	0.667	0.25
0.125	0.667	0.0	0.208
0.417	0.0	0.5	0.083
>MA0158.1	HOXA5	5.682051681835404
0.133	0.867	0.0	0.0
0.438	0.0	0.312	0.25
0.0	0.438	0.312	0.25
0.375	0.0	0.062	0.562
0.875	0.0	0.0	0.125
0.875	0.0	0.125	0.0
0.0	0.0	0.0	1.0
0.0	0.062	0.375	0.562
>MA0159.1	RARA::RXRA	11.847746598576874
0.522	0.0	0.478	0.0
0.0	0.0	1.0	0.0
0.043	0.0	0.565	0.391
0.0	0.0	0.043	0.957
0.0	0.783	0.13	0.087
0.957	0.0	0.043	0.0
0.174	0.304	0.217	0.304
0.217	0.348	0.391	0.043
0.217	0.174	0.478	0.13
0.565	0.043	0.304	0.087
0.217	0.261	0.522	0.0
0.739	0.13	0.13	0.0
0.043	0.043	0.87	0.043
0.0	0.043	0.696	0.261
0.087	0.043	0.13	0.739
0.043	0.739	0.13	0.087
0.913	0.0	0.043	0.043
>MA0160.1	NR4A2	6.7225826666271296
0.615	0.077	0.231	0.077
0.929	0.0	0.071	0.0
0.0	0.0	0.929	0.071
0.214	0.0	0.786	0.0
0.143	0.143	0.0	0.714
0.0	0.929	0.0	0.071
1.0	0.0	0.0	0.0
0.231	0.615	0.154	0.0
>MA0163.1	PLAG1	12.04272186722573
0.0	0.0	1.0	0.0
0.167	0.0	0.778	0.056
0.0	0.0	1.0	0.0
0.0	0.0	0.944	0.056
0.0	0.778	0.222	0.0
0.0	0.833	0.056	0.111
0.222	0.556	0.056	0.167
0.667	0.0	0.0	0.333
0.611	0.278	0.111	0.0
0.111	0.0	0.778	0.111
0.0	0.0	1.0	0.0
0.0	0.0	1.0	0.0
0.0	0.0	0.889	0.111
0.111	0.0	0.889	0.0
>MA0164.1	Nr2e3	6.499356270865868
0.174	0.522	0.087	0.217
1.0	0.0	0.0	0.0
1.0	0.0	0.0	0.0
0.0	0.043	0.957	0.0
0.0	1.0	0.0	0.0
0.0	0.0	0.0	1.0
0.0	0.0	0.0	1.0
>MA0259.1	ARNT::HIF1A	5.921239045576608
0.26	0.269	0.471	0.0
0.096	0.279	0.327	0.298
0.75	0.019	0.221	0.01
0.0	0.99	0.0	0.01
0.0	0.0	1.0	0.0
0.0	0.0	0.0	1.0
0.0	0.0	1.0	0.0
0.173	0.49	0.192	0.144
>MA0146.2	Zfx	9.069669544322743
0.105	0.373	0.375	0.147
0.124	0.356	0.363	0.157
0.19	0.316	0.416	0.077
0.15	0.102	0.62	0.127
0.021	0.617	0.299	0.062
0.012	0.751	0.004	0.233
0.062	0.258	0.38	0.299
0.397	0.318	0.254	0.031
0.017	0.004	0.977	0.002
0.0	0.006	0.992	0.002
0.0	1.0	0.0	0.0
0.0	0.998	0.0	0.002
0.0	0.002	0.0	0.998
0.175	0.254	0.454	0.117
>MA0519.1	Stat5a::Stat5b	8.476928262907506
0.374	0.141	0.268	0.217
0.126	0.218	0.176	0.481
0.0	0.0	0.0	1.0
0.0	0.097	0.0	0.903
0.0	0.99	0.0	0.01
0.016	0.775	0.0	0.209
0.427	0.372	0.0	0.201
0.699	0.0	0.251	0.05
0.0	0.0	1.0	0.0
0.902	0.006	0.0	0.092
0.902	0.0	0.098	0.0
>MA0518.1	Stat4	9.13123253216478
0.073	0.355	0.168	0.403
0.004	0.001	0.0	0.995
0.009	0.0	0.184	0.807
0.22	0.776	0.004	0.0
0.107	0.519	0.025	0.349
0.505	0.01	0.426	0.06
0.255	0.0	0.743	0.002
0.016	0.0	0.984	0.0
1.0	0.0	0.0	0.0
1.0	0.0	0.0	0.0
0.548	0.097	0.29	0.065
0.169	0.273	0.238	0.319
0.22	0.251	0.358	0.171
0.309	0.154	0.389	0.148
>MA0517.1	STAT1::STAT2	11.276224598463399
0.111	0.102	0.124	0.663
0.242	0.371	0.135	0.252
0.694	0.011	0.244	0.052
0.005	0.239	0.753	0.003
0.0	0.003	0.0	0.997
0.005	0.003	0.0	0.992
0.005	0.021	0.006	0.968
0.0	0.937	0.0	0.063
0.411	0.121	0.308	0.16
0.173	0.179	0.26	0.389
0.006	0.021	0.016	0.956
0.016	0.003	0.0	0.981
0.006	0.274	0.006	0.713
0.024	0.789	0.015	0.173
0.045	0.589	0.058	0.308
>MA0516.1	SP2	10.320785736801895
0.095	0.15	0.61	0.145
0.023	0.481	0.152	0.343
0.031	0.822	0.001	0.147
0.0	0.996	0.004	0.0
0.0	0.974	0.0	0.026
0.103	0.0	0.759	0.138
0.0	1.0	0.0	0.0
0.0	0.982	0.0	0.018
0.0	0.657	0.0	0.343
0.122	0.709	0.0	0.168
0.068	0.576	0.059	0.297
0.111	0.329	0.193	0.368
0.134	0.425	0.238	0.203
0.135	0.471	0.242	0.152
0.12	0.442	0.25	0.187
>MA0515.1	Sox6	7.772291070383632
0.016	0.558	0.201	0.225
0.0	0.888	0.0	0.112
0.647	0.0	0.0	0.353
0.0	0.0	0.0	1.0
0.0	0.0	0.0	1.0
0.0	0.0	1.0	0.0
0.0	0.0	0.0	1.0
0.0	0.462	0.02	0.518
0.016	0.45	0.0	0.534
0.056	0.305	0.124	0.514
>MA0514.1	Sox3	8.017582505309639
0.0	0.719	0.16	0.121
0.0	0.751	0.0	0.249
0.127	0.0	0.0	0.873
0.0	0.0	0.0	1.0
0.0	0.0	0.0	1.0
0.0	0.07	0.93	0.0
0.0	0.0	0.0	1.0
0.0	0.338	0.123	0.539
0.009	0.413	0.011	0.567
0.02	0.316	0.185	0.478
>MA0513.1	SMAD2::SMAD3::SMAD4	9.849421997344889
0.185	0.481	0.187	0.148
0.218	0.083	0.038	0.661
0.016	0.009	0.976	0.0
0.037	0.05	0.115	0.799
0.0	1.0	0.0	0.0
0.0	0.0	0.0	1.0
0.118	0.257	0.6	0.026
0.235	0.139	0.311	0.315
0.0	0.997	0.003	0.0
0.851	0.021	0.02	0.108
0.033	0.819	0.148	0.0
0.13	0.648	0.052	0.169
0.122	0.238	0.039	0.601
>MA0509.1	Rfx1	10.921786280144882
0.136	0.073	0.717	0.074
0.027	0.104	0.176	0.693
0.068	0.39	0.061	0.481
0.197	0.203	0.356	0.244
0.017	0.818	0.045	0.12
0.0	0.958	0.0	0.042
0.587	0.188	0.034	0.191
0.065	0.054	0.045	0.837
0.283	0.0	0.717	0.0
0.087	0.0	0.913	0.0
0.134	0.8	0.006	0.06
0.839	0.0	0.114	0.047
0.974	0.0	0.026	0.0
0.0	1.0	0.0	0.0
>MA0507.1	POU2F2	9.634228606178263
0.181	0.278	0.176	0.365
0.232	0.116	0.259	0.393
0.265	0.361	0.181	0.193
0.882	0.008	0.0	0.11
0.0	0.0	0.0	1.0
0.112	0.001	0.0	0.887
0.0	0.0	0.0	1.0
0.069	0.0	0.873	0.058
0.0	0.993	0.0	0.007
0.987	0.013	0.0	0.0
0.0	0.001	0.0	0.999
0.507	0.017	0.268	0.208
0.26	0.158	0.047	0.536
>MA0506.1	NRF1	9.108676827323073
0.13	0.081	0.789	0.0
0.135	0.865	0.0	0.0
0.042	0.041	0.917	0.0
0.0	0.869	0.101	0.03
0.327	0.403	0.202	0.068
0.0	0.087	0.114	0.799
0.0	0.0	1.0	0.0
0.0	0.938	0.0	0.062
0.0	0.075	0.925	0.0
0.016	0.984	0.0	0.0
0.486	0.174	0.341	0.0
>MA0505.1	Nr5a2	10.812702694482677
0.379	0.132	0.373	0.117
0.579	0.1	0.197	0.124
0.162	0.116	0.582	0.14
0.072	0.222	0.215	0.491
0.042	0.206	0.014	0.739
0.005	0.949	0.043	0.002
0.99	0.008	0.0	0.002
0.986	0.0	0.014	0.0
0.023	0.0	0.977	0.0
0.0	0.0	1.0	0.0
0.099	0.343	0.036	0.522
0.0	0.921	0.007	0.072
0.844	0.012	0.053	0.091
0.159	0.203	0.435	0.203
0.146	0.407	0.267	0.18
>MA0504.1	NR2C2	11.30849963276826
0.327	0.319	0.228	0.127
0.208	0.177	0.559	0.056
0.489	0.015	0.494	0.003
0.0	0.02	0.927	0.053
0.025	0.008	0.899	0.068
0.008	0.0	0.2	0.792
0.015	0.782	0.137	0.066
0.868	0.0	0.122	0.01
0.473	0.0	0.527	0.0
0.82	0.0	0.18	0.0
0.025	0.0	0.975	0.0
0.028	0.0	0.851	0.122
0.0	0.068	0.225	0.706
0.023	0.797	0.089	0.091
0.734	0.0	0.233	0.033
>MA0503.1	Nkx2-5(var.2)	8.300463973839738
0.522	0.095	0.239	0.143
0.374	0.056	0.428	0.142
0.1	0.518	0.377	0.005
0.0	1.0	0.0	0.0
0.719	0.002	0.0	0.279
0.0	1.0	0.0	0.0
0.0	0.0	0.0	1.0
0.0	0.989	0.0	0.011
0.833	0.126	0.0	0.041
0.661	0.001	0.241	0.098
0.146	0.279	0.523	0.051
>MA0502.1	NFYB	9.967786402018502
0.422	0.225	0.283	0.07
0.401	0.251	0.154	0.195
0.402	0.251	0.168	0.18
0.093	0.317	0.155	0.434
0.096	0.296	0.386	0.223
0.403	0.155	0.424	0.017
0.5	0.02	0.416	0.064
0.0	1.0	0.0	0.0
0.0	1.0	0.0	0.0
1.0	0.0	0.0	0.0
0.998	0.0	0.002	0.0
0.0	0.0	0.0	1.0
0.059	0.681	0.243	0.017
0.777	0.014	0.208	0.002
0.103	0.134	0.732	0.031
>MA0501.1	MAF::NFE2	11.781597668883423
0.666	0.024	0.306	0.004
0.0	0.0	0.0	1.0
0.0	0.0	0.993	0.007
1.0	0.0	0.0	0.0
0.015	0.799	0.152	0.034
0.101	0.001	0.011	0.887
0.073	0.86	0.02	0.047
0.897	0.0	0.047	0.056
0.007	0.004	0.955	0.034
0.0	0.975	0.02	0.005
0.854	0.016	0.067	0.063
0.351	0.186	0.26	0.203
0.331	0.092	0.119	0.458
0.268	0.094	0.083	0.555
0.194	0.26	0.097	0.45
>MA0500.1	Myog	7.71873475878249
0.405	0.148	0.447	0.0
0.598	0.017	0.385	0.0
0.0	1.0	0.0	0.0
1.0	0.0	0.0	0.0
0.0	0.0	1.0	0.0
0.003	0.84	0.156	0.0
0.0	0.0	0.0	1.0
0.0	0.0	1.0	0.0
0.146	0.44	0.304	0.109
0.276	0.194	0.267	0.263
0.21	0.246	0.388	0.155
>MA0499.1	Myod1	8.191904609828903
0.28	0.228	0.204	0.288
0.169	0.266	0.449	0.117
0.0	1.0	0.0	0.0
0.993	0.0	0.0	0.007
0.0	0.262	0.737	0.001
0.0	1.0	0.0	0.0
0.0	0.0	0.0	1.0
0.0	0.0	1.0	0.0
0.0	0.371	0.027	0.602
0.001	0.449	0.119	0.432
0.239	0.31	0.243	0.209
0.078	0.474	0.176	0.272
0.168	0.312	0.18	0.339
>MA0497.1	MEF2C	10.03298199897418
0.319	0.145	0.306	0.23
0.332	0.068	0.259	0.34
0.195	0.089	0.372	0.344
0.173	0.639	0.035	0.153
0.0	0.446	0.0	0.554
0.732	0.116	0.033	0.119
0.772	0.014	0.109	0.104
0.954	0.0	0.039	0.007
0.965	0.0	0.001	0.034
0.967	0.0	0.002	0.032
0.025	0.028	0.0	0.947
0.986	0.0	0.014	0.0
0.176	0.054	0.756	0.013
0.441	0.378	0.067	0.113
0.457	0.204	0.057	0.282
>MA0494.1	Nr1h3::Rxra	11.584753205052166
0.0	0.039	0.022	0.939
0.11	0.024	0.858	0.008
0.582	0.191	0.108	0.119
0.194	0.765	0.0	0.041
0.046	0.851	0.002	0.101
0.061	0.247	0.101	0.591
0.282	0.251	0.27	0.197
0.295	0.203	0.265	0.238
0.626	0.0	0.253	0.121
0.219	0.015	0.712	0.054
0.061	0.0	0.003	0.936
0.441	0.061	0.347	0.152
0.709	0.139	0.151	0.0
0.201	0.758	0.016	0.025
0.092	0.82	0.0	0.088
0.009	0.396	0.033	0.563
0.106	0.4	0.154	0.339
0.221	0.154	0.262	0.362
0.187	0.229	0.346	0.239
>MA0493.1	Klf1	8.747935175550781
0.285	0.144	0.384	0.186
0.317	0.076	0.58	0.027
0.127	0.753	0.061	0.059
0.025	0.876	0.0	0.099
0.768	0.224	0.0	0.008
0.0	1.0	0.0	0.0
0.76	0.0	0.184	0.055
0.0	1.0	0.0	0.0
0.0	1.0	0.0	0.0
0.0	0.966	0.0	0.034
0.532	0.067	0.0	0.401
>MA0492.1	JUND(var.2)	9.936094735998054
0.34	0.129	0.238	0.293
0.4	0.096	0.259	0.245
0.335	0.144	0.241	0.28
0.405	0.073	0.469	0.054
0.754	0.005	0.241	0.0
0.0	0.0	0.0	1.0
0.0	0.0	0.996	0.004
1.0	0.0	0.0	0.0
0.0	0.309	0.246	0.444
0.152	0.054	0.793	0.0
0.0	0.117	0.0	0.883
0.261	0.734	0.004	0.0
1.0	0.0	0.0	0.0
0.008	0.163	0.072	0.758
0.305	0.322	0.189	0.184
>MA0491.1	JUND	8.472859703908483
0.32	0.02	0.352	0.308
0.392	0.125	0.484	0.0
0.0	0.0	0.0	1.0
0.0	0.0	1.0	0.0
1.0	0.0	0.0	0.0
0.0	0.59	0.364	0.046
0.0	0.0	0.0	1.0
0.04	0.96	0.0	0.0
1.0	0.0	0.0	0.0
0.0	0.133	0.059	0.808
0.149	0.386	0.321	0.143
>MA0490.1	JUNB	8.160121359705958
0.212	0.198	0.352	0.238
0.297	0.062	0.496	0.144
0.493	0.034	0.472	0.0
0.0	0.0	0.0	1.0
0.0	0.0	1.0	0.0
1.0	0.0	0.0	0.0
0.0	0.58	0.37	0.05
0.0	0.0	0.0	1.0
0.074	0.926	0.0	0.0
1.0	0.0	0.0	0.0
0.043	0.174	0.36	0.422
>MA0489.1	JUN(var.2)	9.187954028895126
0.443	0.114	0.257	0.186
0.358	0.121	0.375	0.146
0.34	0.103	0.395	0.162
0.401	0.102	0.316	0.18
0.378	0.054	0.385	0.183
0.541	0.091	0.368	0.0
0.0	0.0	0.0	1.0
0.0	0.0	1.0	0.0
1.0	0.0	0.0	0.0
0.035	0.521	0.373	0.071
0.018	0.0	0.0	0.982
0.087	0.913	0.0	0.0
1.0	0.0	0.0	0.0
0.034	0.229	0.241	0.495
>MA0488.1	JUN	9.78479801203234
0.388	0.133	0.233	0.245
0.339	0.14	0.238	0.283
0.31	0.091	0.462	0.138
0.788	0.035	0.177	0.0
0.0	0.0	0.0	1.0
0.0	0.0	0.994	0.006
1.0	0.0	0.0	0.0
0.0	0.164	0.215	0.621
0.0	0.029	0.971	0.0
0.045	0.168	0.0	0.787
0.329	0.671	0.0	0.0
1.0	0.0	0.0	0.0
0.01	0.177	0.048	0.765
>MA0485.1	Hoxc9	9.781319461587554
0.266	0.124	0.453	0.157
0.127	0.193	0.606	0.075
0.099	0.684	0.045	0.172
0.253	0.529	0.001	0.217
0.747	0.003	0.232	0.018
0.0	0.01	0.0	0.99
0.842	0.095	0.04	0.024
0.995	0.0	0.0	0.005
0.993	0.007	0.0	0.0
0.02	0.0	0.0	0.98
0.054	0.808	0.006	0.132
0.641	0.081	0.007	0.271
0.159	0.372	0.181	0.288
>MA0484.1	HNF4G	9.792544974164315
0.372	0.197	0.213	0.218
0.345	0.162	0.405	0.088
0.497	0.011	0.403	0.089
0.117	0.021	0.791	0.071
0.206	0.075	0.349	0.37
0.16	0.304	0.241	0.295
0.0	0.934	0.023	0.043
0.988	0.006	0.006	0.0
0.835	0.009	0.157	0.0
0.895	0.0	0.099	0.005
0.01	0.001	0.963	0.026
0.034	0.015	0.383	0.567
0.024	0.459	0.117	0.4
0.017	0.886	0.009	0.088
0.718	0.084	0.059	0.139
>MA0483.1	Gfi1b	8.716593936259914
0.638	0.249	0.059	0.054
1.0	0.0	0.0	0.0
0.999	0.0	0.001	0.0
0.0	0.192	0.016	0.792
0.0	1.0	0.0	0.0
0.587	0.012	0.0	0.401
0.035	0.745	0.22	0.0
0.634	0.0	0.001	0.366
0.032	0.001	0.952	0.015
0.081	0.754	0.043	0.122
0.42	0.246	0.074	0.26
>MA0482.1	Gata4	8.027695310716137
0.004	0.378	0.136	0.482
0.0	0.788	0.111	0.1
0.0	0.032	0.0	0.968
0.0	0.0	0.0	1.0
0.986	0.014	0.0	0.0
0.0	0.0	0.0	1.0
0.0	1.0	0.0	0.0
0.199	0.0	0.0	0.801
0.0	0.452	0.342	0.206
0.219	0.366	0.057	0.358
0.141	0.338	0.248	0.273
>MA0480.1	Foxo1	8.563573145019605
0.188	0.111	0.192	0.509
0.051	0.514	0.302	0.133
0.035	0.565	0.084	0.316
0.0	0.0	0.0	1.0
0.0	0.0	1.0	0.0
0.0	0.0	0.0	1.0
0.0	0.0	0.0	1.0
0.0	0.0	0.115	0.885
0.751	0.063	0.0	0.186
0.0	0.806	0.0	0.194
0.431	0.23	0.029	0.311
>MA0479.1	FOXH1	8.13203467797629
0.114	0.346	0.181	0.358
0.192	0.284	0.26	0.263
0.118	0.397	0.384	0.1
1.0	0.0	0.0	0.0
0.919	0.0	0.028	0.053
0.0	0.0	0.0	1.0
0.289	0.703	0.0	0.008
0.172	0.828	0.0	0.0
1.0	0.0	0.0	0.0
0.0	1.0	0.0	0.0
0.869	0.0	0.0	0.131
>MA0478.1	FOSL2	8.268968492525897
0.157	0.187	0.392	0.264
0.287	0.111	0.509	0.093
0.538	0.01	0.438	0.014
0.0	0.0	0.0	1.0
0.0	0.0	1.0	0.0
0.954	0.01	0.036	0.0
0.0	0.618	0.346	0.036
0.0	0.0	0.0	1.0
0.039	0.961	0.0	0.0
1.0	0.0	0.0	0.0
0.0	0.263	0.363	0.373
>MA0477.1	FOSL1	8.412732005490925
0.34	0.023	0.452	0.186
0.297	0.083	0.59	0.03
0.0	0.0	0.0	1.0
0.0	0.0	1.0	0.0
1.0	0.0	0.0	0.0
0.024	0.592	0.385	0.0
0.0	0.0	0.0	1.0
0.034	0.966	0.0	0.0
1.0	0.0	0.0	0.0
0.007	0.154	0.329	0.51
0.225	0.319	0.356	0.1
>MA0476.1	FOS	7.940028129583789
0.268	0.024	0.33	0.378
0.254	0.346	0.369	0.031
0.0	0.0	0.0	1.0
0.0	0.0	0.922	0.078
1.0	0.0	0.0	0.0
0.034	0.479	0.381	0.106
0.0	0.0	0.0	1.0
0.0	1.0	0.0	0.0
1.0	0.0	0.0	0.0
0.009	0.198	0.052	0.741
0.136	0.28	0.269	0.315
>MA0471.1	E2F6	8.191794348636488
0.295	0.029	0.51	0.166
0.16	0.147	0.692	0.0
0.0	0.0	1.0	0.0
0.244	0.709	0.0	0.048
0.003	0.0	0.997	0.0
0.0	0.0	1.0	0.0
0.007	0.011	0.982	0.0
1.0	0.0	0.0	0.0
0.612	0.0	0.388	0.0
0.358	0.165	0.412	0.065
0.28	0.256	0.33	0.135
>MA0470.1	E2F4	8.16725572892967
0.145	0.197	0.452	0.207
0.083	0.272	0.646	0.0
0.0	0.006	0.994	0.0
0.0	1.0	0.0	0.0
0.0	0.0	1.0	0.0
0.014	0.116	0.87	0.0
0.008	0.022	0.97	0.0
0.96	0.0	0.04	0.0
0.667	0.0	0.333	0.0
0.379	0.186	0.383	0.052
0.268	0.209	0.328	0.195
>MA0468.1	DUX4	8.950196890450245
0.191	0.065	0.026	0.718
0.968	0.0	0.032	0.0
1.0	0.0	0.0	0.0
0.137	0.305	0.052	0.505
0.0	0.431	0.13	0.438
0.0	0.365	0.16	0.475
0.923	0.076	0.0	0.001
1.0	0.0	0.0	0.0
0.0	0.0	0.0	1.0
0.0	0.979	0.0	0.021
0.884	0.0	0.0	0.116
>MA0467.1	Crx	8.74022568238222
0.576	0.142	0.218	0.064
0.693	0.021	0.199	0.087
0.165	0.026	0.701	0.107
0.45	0.106	0.392	0.052
0.246	0.0	0.751	0.004
0.0	0.0	1.0	0.0
0.778	0.222	0.0	0.0
0.0	0.0	0.0	1.0
0.0	0.014	0.0	0.986
0.951	0.0	0.0	0.049
0.259	0.025	0.632	0.083
>MA0465.1	CDX2	8.338791067406447
0.384	0.2	0.301	0.116
0.416	0.005	0.314	0.264
0.193	0.085	0.722	0.0
0.0	0.656	0.0	0.344
0.436	0.521	0.0	0.043
1.0	0.0	0.0	0.0
0.0	0.0	0.0	1.0
1.0	0.0	0.0	0.0
1.0	0.0	0.0	0.0
1.0	0.0	0.0	0.0
0.634	0.094	0.196	0.076
>MA0463.1	Bcl6	10.192996086064522
0.2	0.179	0.256	0.365
0.037	0.023	0.029	0.911
0.005	0.084	0.031	0.88
0.031	0.916	0.025	0.027
0.0	0.857	0.0	0.143
0.0	0.0	0.0	1.0
0.467	0.09	0.423	0.021
0.149	0.0	0.851	0.0
0.984	0.0	0.012	0.004
0.672	0.106	0.183	0.04
0.643	0.007	0.223	0.127
0.106	0.096	0.659	0.139
0.198	0.517	0.121	0.164
0.386	0.197	0.174	0.244
>MA0462.1	BATF::JUN	8.420194311901383
0.293	0.046	0.488	0.173
0.454	0.053	0.275	0.218
0.429	0.016	0.211	0.343
0.785	0.14	0.0	0.075
0.0	0.0	0.0	1.0
0.0	0.0	0.986	0.014
1.0	0.0	0.0	0.0
0.056	0.478	0.467	0.0
0.0	0.0	0.0	1.0
0.123	0.816	0.061	0.0
0.975	0.0	0.0	0.025
>MA0520.1	Stat6	9.649284043142059
0.139	0.358	0.26	0.243
0.359	0.177	0.201	0.263
0.082	0.306	0.235	0.377
0.0	0.0	0.0	1.0
0.007	0.0	0.0	0.993
0.066	0.907	0.0	0.027
0.038	0.65	0.0	0.312
0.359	0.011	0.118	0.512
0.177	0.288	0.485	0.05
0.623	0.002	0.225	0.151
0.014	0.0	0.97	0.016
1.0	0.0	0.0	0.0
0.998	0.0	0.002	0.0
0.335	0.292	0.215	0.158
0.186	0.265	0.127	0.422
>MA0521.1	Tcf12	7.8869259024100105
0.478	0.123	0.397	0.001
0.684	0.01	0.306	0.0
0.0	1.0	0.0	0.0
1.0	0.0	0.0	0.0
0.001	0.0	0.999	0.0
0.014	0.839	0.146	0.0
0.0	0.0	0.0	1.0
0.0	0.0	1.0	0.0
0.145	0.429	0.296	0.13
0.303	0.187	0.227	0.282
0.222	0.233	0.375	0.17
>MA0523.1	TCF7L2	9.406620830229299
0.364	0.181	0.272	0.183
0.432	0.201	0.275	0.092
0.733	0.032	0.133	0.101
0.02	0.465	0.479	0.035
0.667	0.006	0.0	0.326
0.033	0.0	0.0	0.967
0.037	0.789	0.174	0.0
1.0	0.0	0.0	0.0
0.98	0.004	0.017	0.0
0.995	0.0	0.005	0.0
0.072	0.009	0.919	0.0
0.247	0.203	0.479	0.071
0.334	0.268	0.289	0.109
0.426	0.197	0.181	0.197
>MA0527.1	ZBTB33	10.440062020508359
0.116	0.363	0.207	0.313
0.009	0.094	0.045	0.852
0.04	0.935	0.016	0.01
0.014	0.126	0.007	0.852
0.0	1.0	0.0	0.0
0.05	0.0	0.946	0.004
0.003	0.948	0.0	0.05
0.0	0.0	1.0	0.0
0.654	0.113	0.167	0.065
0.011	0.081	0.638	0.27
0.59	0.133	0.2	0.077
0.121	0.329	0.193	0.357
0.027	0.465	0.061	0.447
0.112	0.206	0.155	0.528
0.128	0.33	0.377	0.165
>MA0528.1	ZNF263	14.193486884630882
0.155	0.019	0.727	0.098
0.302	0.0	0.698	0.0
0.73	0.0	0.184	0.086
0.03	0.0	0.907	0.063
0.066	0.114	0.817	0.003
0.914	0.036	0.003	0.047
0.103	0.055	0.739	0.103
0.102	0.094	0.752	0.053
0.533	0.064	0.362	0.042
0.337	0.101	0.462	0.1
0.203	0.07	0.622	0.105
0.433	0.039	0.442	0.086
0.274	0.041	0.584	0.101
0.27	0.106	0.594	0.031
0.521	0.062	0.314	0.103
0.251	0.0	0.634	0.115
0.206	0.0	0.751	0.043
0.545	0.0	0.387	0.068
0.343	0.014	0.586	0.057
0.267	0.043	0.645	0.046
0.477	0.06	0.403	0.061
>MA0102.3	CEBPA	8.473153963921547
0.676	0.087	0.237	0.0
0.0	0.0	0.0	1.0
0.0	0.0	0.0	1.0
0.046	0.0	0.738	0.216
0.0	1.0	0.0	0.0
0.781	0.083	0.07	0.067
0.174	0.5	0.0	0.327
0.798	0.202	0.0	0.0
1.0	0.0	0.0	0.0
0.0	0.371	0.118	0.511
0.379	0.324	0.058	0.239
>MA0076.2	ELK4	8.430796741454701
0.087	0.425	0.259	0.229
0.114	0.556	0.166	0.164
0.594	0.042	0.303	0.061
0.0	0.784	0.005	0.211
0.002	0.0	0.0	0.998
0.0	0.0	0.0	1.0
0.0	1.0	0.0	0.0
0.0	1.0	0.0	0.0
0.0	0.0	0.851	0.149
0.0	0.146	0.83	0.024
0.085	0.366	0.195	0.355
>MA0258.2	ESR2	10.299148263760639
0.656	0.012	0.311	0.021
0.052	0.0	0.87	0.078
0.007	0.0	0.988	0.005
0.009	0.018	0.12	0.853
0.0	0.925	0.065	0.011
0.982	0.0	0.007	0.011
0.061	0.51	0.332	0.097
0.254	0.392	0.205	0.149
0.219	0.305	0.264	0.213
0.194	0.118	0.065	0.623
0.136	0.048	0.808	0.008
0.398	0.249	0.169	0.184
0.053	0.785	0.044	0.119
0.135	0.71	0.0	0.155
0.101	0.329	0.074	0.497
>MA0148.3	FOXA1	9.3797529065033
0.197	0.219	0.187	0.397
0.212	0.311	0.215	0.262
0.139	0.389	0.241	0.231
0.324	0.196	0.165	0.314
0.003	0.0	0.001	0.996
0.267	0.0	0.733	0.0
0.0	0.0	0.0	1.0
0.0	0.0	0.059	0.941
0.0	0.0	0.13	0.87
0.829	0.0	0.171	0.0
0.0	0.934	0.0	0.066
0.418	0.121	0.0	0.462
0.038	0.332	0.063	0.568
0.486	0.0	0.003	0.511
0.218	0.118	0.428	0.236
>MA0035.3	Gata1	8.508282258360188
0.113	0.241	0.141	0.505
0.028	0.357	0.155	0.46
0.0	0.828	0.024	0.148
0.0	0.039	0.0	0.961
0.0	0.0	0.0	1.0
1.0	0.0	0.0	0.0
0.0	0.0	0.0	1.0
0.0	1.0	0.0	0.0
0.121	0.0	0.0	0.879
0.139	0.343	0.372	0.145
0.105	0.282	0.089	0.523
>MA0050.2	IRF1	14.068287210415928
0.232	0.235	0.195	0.338
0.184	0.209	0.184	0.423
0.127	0.238	0.156	0.479
0.101	0.316	0.109	0.474
0.54	0.074	0.265	0.121
0.018	0.581	0.372	0.029
0.009	0.0	0.0	0.991
0.0	0.023	0.0	0.977
0.0	0.041	0.003	0.956
0.0	0.917	0.0	0.083
0.67	0.029	0.175	0.126
0.015	0.578	0.253	0.154
0.012	0.001	0.0	0.988
0.005	0.01	0.004	0.981
0.008	0.043	0.0	0.949
0.012	0.751	0.021	0.216
0.377	0.18	0.193	0.25
0.16	0.341	0.214	0.286
0.106	0.137	0.084	0.673
0.145	0.142	0.073	0.64
0.122	0.243	0.111	0.524
>MA0150.2	Nfe2l2	11.35369145411537
0.229	0.466	0.15	0.156
0.552	0.107	0.219	0.121
0.163	0.329	0.379	0.129
0.28	0.34	0.209	0.171
0.672	0.039	0.282	0.007
0.0	0.0	0.0	1.0
0.0	0.0	0.979	0.021
1.0	0.0	0.0	0.0
0.028	0.734	0.163	0.076
0.116	0.028	0.022	0.835
0.09	0.756	0.063	0.091
0.795	0.004	0.124	0.077
0.014	0.015	0.961	0.01
0.006	0.963	0.026	0.006
0.858	0.036	0.043	0.063
>MA0143.3	Sox2	7.086128537769481
0.0	1.0	0.0	0.0
0.0	1.0	0.0	0.0
0.453	0.0	0.0	0.547
0.0	0.0	0.0	1.0
0.0	0.0	0.0	1.0
0.0	0.0	1.0	0.0
0.0	0.0	0.0	1.0
0.0	0.284	0.201	0.515
>MA0079.3	SP1	8.75347410935553
0.098	0.204	0.489	0.208
0.0	0.712	0.074	0.215
0.011	0.767	0.0	0.221
0.0	1.0	0.0	0.0
0.0	0.992	0.0	0.008
0.156	0.0	0.529	0.315
0.0	1.0	0.0	0.0
0.0	1.0	0.0	0.0
0.0	0.765	0.0	0.235
0.121	0.728	0.0	0.151
0.075	0.569	0.084	0.272
>MA0137.3	STAT1	8.853209738270294
0.101	0.201	0.216	0.481
0.0	0.014	0.0	0.986
0.0	0.002	0.03	0.968
0.099	0.899	0.002	0.0
0.03	0.554	0.0	0.416
0.479	0.0	0.451	0.07
0.045	0.0	0.955	0.0
0.008	0.002	0.944	0.046
0.998	0.0	0.002	0.0
0.999	0.001	0.0	0.0
0.518	0.086	0.2	0.197
>MA0144.2	STAT3	8.388645708994153
0.09	0.396	0.176	0.338
0.033	0.0	0.0	0.967
0.012	0.016	0.271	0.702
0.047	0.906	0.0	0.048
0.039	0.36	0.0	0.601
0.171	0.0	0.53	0.299
0.073	0.0	0.927	0.0
0.117	0.0	0.864	0.019
1.0	0.0	0.0	0.0
1.0	0.0	0.0	0.0
0.431	0.044	0.304	0.221
>MA0140.2	GATA1::TAL1	10.33886044041938
0.225	0.411	0.195	0.169
0.042	0.163	0.032	0.763
0.064	0.0	0.0	0.936
1.0	0.0	0.0	0.0
0.0	0.0	0.0	1.0
0.0	1.0	0.0	0.0
0.414	0.013	0.011	0.563
0.133	0.269	0.447	0.152
0.194	0.245	0.251	0.31
0.24	0.227	0.307	0.225
0.359	0.228	0.2	0.213
0.209	0.25	0.346	0.195
0.273	0.23	0.296	0.201
0.38	0.208	0.165	0.246
0.279	0.25	0.38	0.091
0.022	0.973	0.005	0.0
0.94	0.0	0.0	0.06
0.032	0.18	0.715	0.073
>MA0093.2	USF1	8.667470354099391
0.288	0.223	0.425	0.064
0.087	0.442	0.177	0.293
0.003	0.997	0.0	0.0
0.984	0.0	0.0	0.016
0.011	0.61	0.055	0.323
0.095	0.035	0.869	0.0
0.0	0.0	0.0	1.0
0.0	0.0	1.0	0.0
0.876	0.0	0.082	0.042
0.0	0.782	0.0	0.218
0.108	0.589	0.066	0.236
>MA0095.2	YY1	9.547408252450499
0.157	0.639	0.112	0.092
0.973	0.0	0.025	0.002
0.94	0.014	0.037	0.009
0.349	0.156	0.458	0.037
1.0	0.0	0.0	0.0
0.0	0.002	0.0	0.998
0.002	0.0	0.998	0.0
0.002	0.0	0.998	0.0
0.113	0.786	0.005	0.095
0.121	0.234	0.386	0.259
0.125	0.122	0.649	0.103
0.186	0.637	0.055	0.123
>MA0591.1	Bach1::Mafk	11.580209408713094
0.395	0.123	0.36	0.123
0.123	0.316	0.404	0.158
0.132	0.36	0.474	0.035
0.579	0.14	0.281	0.0
0.018	0.009	0.0	0.974
0.0	0.0	0.939	0.061
0.991	0.0	0.0	0.009
0.0	0.825	0.175	0.0
0.009	0.0	0.035	0.956
0.044	0.939	0.018	0.0
0.947	0.009	0.026	0.018
0.0	0.009	0.991	0.0
0.0	1.0	0.0	0.0
0.86	0.035	0.053	0.053
0.105	0.368	0.333	0.193
>MA0593.1	FOXP2	8.284846971710845
0.431	0.148	0.248	0.174
0.444	0.009	0.185	0.362
0.209	0.0	0.791	0.0
0.077	0.0	0.0	0.923
1.0	0.0	0.0	0.0
1.0	0.0	0.0	0.0
1.0	0.0	0.0	0.0
0.0	0.988	0.0	0.012
1.0	0.0	0.0	0.0
0.388	0.201	0.383	0.029
0.433	0.162	0.24	0.164
>MA0594.1	Hoxa9	9.052995065028664
0.198	0.308	0.471	0.023
0.07	0.64	0.029	0.262
0.221	0.68	0.0	0.099
0.936	0.017	0.047	0.0
0.0	0.0	0.0	1.0
0.587	0.337	0.047	0.029
0.913	0.035	0.0	0.052
0.994	0.006	0.0	0.0
0.029	0.0	0.006	0.965
0.041	0.895	0.0	0.064
0.762	0.064	0.0	0.174
>MA0595.1	SREBF1	8.115733981045832
0.483	0.241	0.276	0.0
0.0	0.0	0.0	1.0
0.0	1.0	0.0	0.0
1.0	0.0	0.0	0.0
0.0	0.879	0.121	0.0
0.103	0.655	0.224	0.017
0.0	0.759	0.0	0.241
0.034	0.776	0.19	0.0
1.0	0.0	0.0	0.0
0.0	0.448	0.121	0.431
>MA0596.1	SREBF2	8.302036376666162
0.511	0.191	0.298	0.0
0.0	0.0	0.0	1.0
0.0	0.064	0.936	0.0
0.213	0.0	0.787	0.0
0.043	0.213	0.574	0.17
0.043	0.191	0.766	0.0
0.0	0.0	0.0	1.0
0.0	0.0	1.0	0.0
1.0	0.0	0.0	0.0
0.043	0.34	0.043	0.574
>MA0597.1	THAP1	5.674717707591338
0.09	0.467	0.136	0.307
0.075	0.236	0.06	0.628
0.101	0.0	0.688	0.211
0.035	0.915	0.0	0.05
0.015	0.98	0.0	0.005
0.291	0.683	0.005	0.02
0.236	0.085	0.387	0.291
0.151	0.357	0.206	0.286
0.583	0.171	0.085	0.161
>MA0599.1	KLF5	7.7714915887750005
0.105	0.149	0.556	0.19
0.0	0.874	0.0	0.126
0.0	0.882	0.0	0.118
0.255	0.703	0.0	0.042
0.0	1.0	0.0	0.0
0.371	0.0	0.381	0.248
0.0	1.0	0.0	0.0
0.0	1.0	0.0	0.0
0.0	0.965	0.0	0.035
0.288	0.411	0.0	0.301
>MA0601.1	Arid3b	7.698873000755051
0.468	0.177	0.177	0.177
0.273	0.08	0.08	0.567
0.609	0.119	0.034	0.238
0.104	0.0	0.0	0.896
0.0	0.0	0.0	1.0
1.0	0.0	0.0	0.0
0.911	0.0	0.0	0.089
0.089	0.0	0.0	0.911
0.262	0.168	0.073	0.498
0.49	0.17	0.17	0.17
0.351	0.216	0.216	0.216
>MA0602.1	Arid5a	8.311811323842868
0.178	0.426	0.228	0.168
0.162	0.323	0.03	0.485
0.85	0.03	0.07	0.05
0.97	0.0	0.01	0.02
0.06	0.0	0.01	0.93
0.921	0.01	0.01	0.059
0.02	0.01	0.01	0.96
0.04	0.09	0.04	0.83
0.23	0.03	0.52	0.22
0.343	0.354	0.182	0.121
0.29	0.13	0.27	0.31
0.57	0.08	0.19	0.16
0.29	0.18	0.26	0.27
0.343	0.232	0.152	0.273
>MA0603.1	Arntl	7.329734865053392
0.251	0.229	0.261	0.259
0.246	0.125	0.558	0.071
0.062	0.044	0.143	0.751
0.003	0.997	0.0	0.0
0.953	0.016	0.01	0.021
0.002	0.965	0.009	0.024
0.048	0.003	0.946	0.003
0.054	0.058	0.051	0.837
0.009	0.004	0.939	0.048
0.255	0.331	0.146	0.268
>MA0604.1	Atf1	6.635492818926463
0.462	0.086	0.387	0.065
0.024	0.016	0.0	0.96
0.0	0.022	0.803	0.175
1.0	0.0	0.0	0.0
0.0	1.0	0.0	0.0
0.007	0.0	0.993	0.0
0.09	0.198	0.0	0.712
0.599	0.138	0.163	0.1
>MA0605.1	Atf3	7.13234500280358
0.087	0.131	0.695	0.087
0.828	0.0	0.172	0.0
0.0	0.0	0.0	1.0
0.0	0.0	0.952	0.048
1.0	0.0	0.0	0.0
0.0	1.0	0.0	0.0
0.108	0.0	0.811	0.081
0.097	0.194	0.033	0.676
>MA0606.1	NFAT5	7.2479370769081735
0.371	0.21	0.21	0.21
0.176	0.088	0.088	0.648
0.0	0.0	0.0	1.0
0.0	0.0	0.0	1.0
0.089	0.084	0.0	0.827
0.0	0.915	0.0	0.085
0.0	0.826	0.085	0.089
0.831	0.084	0.0	0.085
0.124	0.287	0.041	0.548
0.268	0.163	0.248	0.322
>MA0607.1	Bhlha15	6.920744097661692
0.143	0.57	0.286	0.001
0.0	1.0	0.0	0.0
1.0	0.0	0.0	0.0
0.0	0.0	0.2	0.8
0.8	0.2	0.0	0.0
0.0	0.0	0.0	1.0
0.0	0.0	1.0	0.0
0.001	0.231	0.154	0.614
>MA0608.1	Creb3l2	7.7239136277657545
0.002	0.002	0.746	0.25
0.25	0.623	0.001	0.126
0.001	0.872	0.126	0.001
0.997	0.001	0.001	0.001
0.001	0.997	0.001	0.001
0.001	0.001	0.997	0.001
0.001	0.001	0.001	0.997
0.001	0.143	0.855	0.001
0.25	0.002	0.25	0.498
>MA0609.1	Crem	7.803671709089843
0.183	0.183	0.271	0.363
0.646	0.087	0.18	0.087
0.0	0.0	0.0	1.0
0.0	0.0	0.725	0.275
1.0	0.0	0.0	0.0
0.0	1.0	0.0	0.0
0.0	0.0	1.0	0.0
0.0	0.0	0.0	1.0
0.548	0.318	0.067	0.067
0.511	0.163	0.163	0.163
>MA0610.1	DMRT3	7.934737488361043
0.453	0.24	0.154	0.154
0.538	0.123	0.123	0.216
0.106	0.022	0.022	0.85
0.0	0.0	1.0	0.0
0.0	0.0	0.0	1.0
1.0	0.0	0.0	0.0
0.202	0.0	0.104	0.694
0.0	1.0	0.0	0.0
0.618	0.188	0.097	0.097
0.51	0.127	0.127	0.236
0.228	0.228	0.228	0.315
>MA0611.1	Dux	6.536551334382439
0.219	0.312	0.25	0.219
0.0	0.869	0.0	0.131
1.0	0.0	0.0	0.0
1.0	0.0	0.0	0.0
0.0	0.0	0.0	1.0
0.0	1.0	0.0	0.0
1.0	0.0	0.0	0.0
0.485	0.031	0.242	0.242
>MA0612.1	EMX1	6.113785190768282
0.278	0.308	0.27	0.144
0.131	0.409	0.131	0.329
0.077	0.078	0.009	0.836
0.926	0.018	0.039	0.017
0.973	0.003	0.004	0.02
0.034	0.021	0.022	0.923
0.074	0.045	0.298	0.583
0.719	0.018	0.217	0.046
0.171	0.358	0.324	0.148
0.163	0.348	0.209	0.28
>MA0613.1	FOXG1	7.143914020011405
0.374	0.001	0.624	0.001
0.001	0.001	0.001	0.997
0.997	0.001	0.001	0.001
0.997	0.001	0.001	0.001
0.997	0.001	0.001	0.001
0.001	0.997	0.001	0.001
0.997	0.001	0.001	0.001
0.498	0.167	0.002	0.333
>MA0614.1	Foxj2	6.906705796056944
0.461	0.0	0.539	0.0
0.05	0.025	0.0	0.925
0.795	0.205	0.0	0.0
0.978	0.0	0.0	0.022
1.0	0.0	0.0	0.0
0.0	0.954	0.0	0.046
1.0	0.0	0.0	0.0
0.594	0.125	0.125	0.156
>MA0615.1	Gmeb1	7.465668608213289
0.17	0.26	0.35	0.22
0.34	0.31	0.15	0.2
0.11	0.23	0.35	0.31
