>V$PROP1_01	(Prop-1)2	8.940324735981138
0.000996	0.000996	0.000996	0.997012
0.997012	0.000996	0.000996	0.000996
0.997012	0.000996	0.000996	0.000996
0.000996	0.000996	0.000996	0.997012
0.046966	0.062289	0.031643	0.859102
0.307462	0.154229	0.200199	0.338109
0.445372	0.108259	0.261492	0.184876
0.782485	0.000996	0.077613	0.138906
0.062289	0.016319	0.000996	0.920395
0.092936	0.000996	0.000996	0.905072
0.690546	0.046966	0.077613	0.184876
>V$SATB1_01	(SATB1)2	9.785333845522388
0.000996	0.235353	0.000996	0.762655
0.762655	0.059585	0.000996	0.176764
0.000996	0.118174	0.000996	0.879834
0.059585	0.059585	0.000996	0.879834
0.762655	0.176764	0.000996	0.059585
0.059585	0.059585	0.821244	0.059585
0.118174	0.235353	0.000996	0.645477
0.762655	0.059585	0.000996	0.176764
0.821244	0.059585	0.000996	0.118174
0.118174	0.176764	0.000996	0.704066
0.704066	0.059585	0.118174	0.118174
0.821244	0.059585	0.000996	0.118174
>V$AFP1_Q6	AFP1	9.436332451502963
0.997012	0.000996	0.000996	0.000996
0.200199	0.000996	0.000996	0.797809
0.200199	0.000996	0.000996	0.797809
0.997012	0.000996	0.000996	0.000996
0.997012	0.000996	0.000996	0.000996
0.000996	0.598606	0.000996	0.399402
0.200199	0.000996	0.000996	0.797809
0.598606	0.000996	0.399402	0.000996
0.000996	0.797809	0.200199	0.000996
0.997012	0.000996	0.000996	0.000996
0.000996	0.797809	0.000996	0.200199
>V$AIRE_01	AIRE	13.03472317050743
0.281125	0.156624	0.032122	0.530129
0.25	0.187749	0.000996	0.561255
0.405627	0.094373	0.156624	0.343376
0.218875	0.063247	0.312251	0.405627
0.218875	0.063247	0.312251	0.405627
0.499004	0.125498	0.032122	0.343376
0.374502	0.312251	0.094373	0.218875
0.25	0.281125	0.063247	0.405627
0.187749	0.094373	0.156624	0.561255
0.000996	0.000996	0.997012	0.000996
0.000996	0.000996	0.997012	0.000996
0.343376	0.094373	0.000996	0.561255
0.374502	0.094373	0.032122	0.499004
0.374502	0.187749	0.187749	0.25
0.343376	0.094373	0.187749	0.374502
0.374502	0.125498	0.156624	0.343376
0.405627	0.094373	0.094373	0.405627
0.312251	0.218875	0.063247	0.405627
0.000996	0.000996	0.997012	0.000996
0.000996	0.000996	0.997012	0.000996
0.343376	0.125498	0.156624	0.374502
0.094373	0.281125	0.187749	0.436753
0.436753	0.032122	0.187749	0.343376
0.467878	0.218875	0.063247	0.25
0.530129	0.094373	0.032122	0.343376
0.281125	0.125498	0.156624	0.436753
>V$AIRE_02	AIRE	21.747336060047125
0.000996	0.272637	0.725371	0.000996
0.214428	0.214428	0.570148	0.000996
0.000996	0.000996	0.000996	0.997012
0.000996	0.000996	0.000996	0.997012
0.87251	0.063247	0.000996	0.063247
0.000996	0.000996	0.000996	0.997012
0.053418	0.000996	0.000996	0.94459
0.854724	0.000996	0.048425	0.095855
0.914011	0.042497	0.000996	0.042497
0.000996	0.039304	0.269154	0.690546
0.07214	0.07214	0.000996	0.854724
0.000996	0.000996	0.997012	0.000996
0.000996	0.000996	0.997012	0.000996
0.069687	0.000996	0.035341	0.893976
0.000996	0.035341	0.000996	0.962667
0.953707	0.000996	0.044301	0.000996
0.000996	0.053418	0.053418	0.892168
0.720341	0.111664	0.166999	0.000996
0.000996	0.05633	0.000996	0.941678
0.000996	0.000996	0.000996	0.997012
0.000996	0.059585	0.879834	0.059585
0.059585	0.059585	0.879834	0.000996
0.000996	0.166999	0.25	0.582005
0.000996	0.100598	0.100598	0.797809
0.399402	0.000996	0.299801	0.299801
>V$AML_Q6	AML	9.289556101330305
0.469709	0.235353	0.176764	0.118174
0.293942	0.235353	0.235353	0.235353
0.176764	0.176764	0.528299	0.118174
0.000996	0.235353	0.352531	0.41112
0.235353	0.352531	0.059585	0.352531
0.000996	0.059585	0.000996	0.938423
0.000996	0.000996	0.997012	0.000996
0.000996	0.176764	0.000996	0.821244
0.000996	0.000996	0.997012	0.000996
0.000996	0.000996	0.997012	0.000996
0.000996	0.059585	0.059585	0.879834
0.059585	0.235353	0.118174	0.586888
0.469709	0.000996	0.059585	0.469709
0.235353	0.293942	0.352531	0.118174
0.176764	0.528299	0.118174	0.176764
>V$AML1_Q6	AML1	5.90217625447697
0.000996	0.000996	0.000996	0.997012
0.000996	0.000996	0.997012	0.000996
0.000996	0.000996	0.000996	0.997012
0.000996	0.000996	0.997012	0.000996
0.000996	0.000996	0.997012	0.000996
0.000996	0.000996	0.111664	0.886344
>V$AML1_Q4	AML1	6.279570636000577
0.046269	0.000996	0.046269	0.906465
0.000996	0.000996	0.997012	0.000996
0.000996	0.091543	0.000996	0.906465
0.000996	0.000996	0.997012	0.000996
0.000996	0.000996	0.997012	0.000996
0.000996	0.000996	0.091543	0.906465
0.046269	0.136816	0.31791	0.499004
>V$AML1_01	AML1a	5.501605379474873
0.088366	0.01847	0.01847	0.874694
0.035944	0.035944	0.927116	0.000996
0.070892	0.245632	0.000996	0.682481
0.000996	0.000996	0.997012	0.000996
0.01847	0.000996	0.979538	0.000996
0.01847	0.053418	0.000996	0.927116
>V$AP1FJ_Q2	AP-1	7.098185941104053
0.352531	0.118174	0.469709	0.059585
0.176764	0.293942	0.528299	0.000996
0.000996	0.000996	0.000996	0.997012
0.000996	0.000996	0.997012	0.000996
0.997012	0.000996	0.000996	0.000996
0.000996	0.938423	0.000996	0.059585
0.176764	0.118174	0.176764	0.528299
0.235353	0.41112	0.118174	0.235353
0.528299	0.352531	0.059585	0.059585
0.235353	0.176764	0.41112	0.176764
0.352531	0.176764	0.059585	0.41112
>V$AP1_Q2	AP-1	7.372133576388367
0.42786	0.07214	0.499004	0.000996
0.214428	0.356716	0.42786	0.000996
0.000996	0.000996	0.000996	0.997012
0.000996	0.000996	0.997012	0.000996
0.997012	0.000996	0.000996	0.000996
0.000996	0.925868	0.000996	0.07214
0.143284	0.07214	0.143284	0.641292
0.285572	0.42786	0.143284	0.143284
0.570148	0.285572	0.07214	0.07214
0.143284	0.143284	0.499004	0.214428
0.42786	0.07214	0.07214	0.42786
>V$AP1_Q6	AP-1	6.8014287477726185
0.25	0.214428	0.410074	0.125498
0.321144	0.303358	0.321144	0.054354
0.000996	0.000996	0.000996	0.997012
0.000996	0.000996	0.997012	0.000996
0.979226	0.018782	0.000996	0.000996
0.054354	0.78358	0.089926	0.07214
0.07214	0.089926	0.125498	0.712436
0.232214	0.534576	0.089926	0.143284
0.676864	0.178856	0.089926	0.054354
0.196642	0.232214	0.321144	0.25
0.196642	0.267786	0.178856	0.356716
>V$AP1_Q4	AP-1	7.455426532747177
0.434046	0.087606	0.434046	0.044301
0.217521	0.260826	0.520657	0.000996
0.000996	0.000996	0.000996	0.997012
0.000996	0.000996	0.997012	0.000996
0.953707	0.000996	0.044301	0.000996
0.000996	0.910402	0.000996	0.087606
0.087606	0.087606	0.087606	0.737182
0.390741	0.390741	0.130911	0.087606
0.693877	0.217521	0.044301	0.044301
0.130911	0.260826	0.434046	0.174216
0.260826	0.174216	0.130911	0.434046
>V$AP1_01	AP-1	7.970518239936373
0.128147	0.318873	0.403641	0.149339
0.297682	0.255298	0.27649	0.170531
0.403641	0.064572	0.340065	0.191722
0.085763	0.04338	0.106955	0.763902
0.085763	0.04338	0.700326	0.170531
0.763902	0.085763	0.04338	0.106955
0.064572	0.27649	0.615559	0.04338
0.000996	0.000996	0.000996	0.997012
0.04338	0.933436	0.000996	0.022188
0.997012	0.000996	0.000996	0.000996
0.04338	0.170531	0.5096	0.27649
0.212914	0.5096	0.106955	0.170531
0.318873	0.255298	0.234106	0.191722
>V$AP1_Q2_01	AP-1	6.782495921949277
0.000996	0.000996	0.000996	0.997012
0.000996	0.000996	0.932054	0.065954
0.997012	0.000996	0.000996	0.000996
0.044301	0.780487	0.109259	0.065954
0.174216	0.130911	0.130911	0.563962
0.130911	0.563962	0.065954	0.239174
0.693877	0.152564	0.065954	0.087606
0.282479	0.239174	0.195869	0.282479
0.239174	0.195869	0.304131	0.260826
0.044301	0.304131	0.477351	0.174216
0.109259	0.109259	0.390741	0.390741
0.174216	0.260826	0.282479	0.282479
>V$AP1_Q6_01	AP-1	6.1377414977544165
0.407064	0.223184	0.269154	0.100598
0.000996	0.000996	0.008658	0.98935
0.008658	0.008658	0.951042	0.031643
0.98935	0.000996	0.008658	0.000996
0.054628	0.71353	0.123583	0.108259
0.146568	0.115921	0.108259	0.629252
0.200199	0.544974	0.039304	0.215523
0.698207	0.177214	0.054628	0.069951
0.292139	0.184876	0.269154	0.253831
>V$AP1_Q4_01	AP-1	6.037929271432449
0.067955	0.059585	0.160024	0.712436
0.226983	0.042845	0.545038	0.185133
0.637107	0.109804	0.109804	0.143284
0.051215	0.143284	0.720806	0.084695
0.000996	0.009366	0.000996	0.988642
0.034476	0.938423	0.009366	0.017736
0.988642	0.009366	0.000996	0.000996
0.101435	0.243723	0.252092	0.40275
>V$AP2_Q6	AP-2	8.018795150794467
0.307462	0.460696	0.230846	0.000996
0.230846	0.000996	0.460696	0.307462
0.000996	0.843779	0.000996	0.154229
0.000996	0.997012	0.000996	0.000996
0.000996	0.920395	0.000996	0.077613
0.154229	0.384079	0.460696	0.000996
0.154229	0.613929	0.230846	0.000996
0.307462	0.384079	0.230846	0.077613
0.077613	0.077613	0.767162	0.077613
0.154229	0.154229	0.690546	0.000996
0.230846	0.690546	0.077613	0.000996
0.077613	0.230846	0.613929	0.077613
>V$AP2_Q3	AP-2	9.26484714405492
0.176764	0.235353	0.586888	0.000996
0.000996	0.469709	0.352531	0.176764
0.000996	0.997012	0.000996	0.000996
0.118174	0.586888	0.235353	0.059585
0.000996	0.469709	0.41112	0.118174
0.118174	0.704066	0.000996	0.176764
0.469709	0.059585	0.469709	0.000996
0.176764	0.059585	0.762655	0.000996
0.000996	0.118174	0.879834	0.000996
0.000996	0.938423	0.059585	0.000996
0.176764	0.118174	0.41112	0.293942
0.352531	0.000996	0.528299	0.118174
0.352531	0.176764	0.176764	0.293942
0.352531	0.059585	0.586888	0.000996
0.235353	0.235353	0.352531	0.176764
0.176764	0.293942	0.352531	0.176764
>V$AP2_Q6_01	AP-2	7.942348605525341
0.000996	0.499004	0.333001	0.166999
0.208499	0.333001	0.333001	0.125498
0.083997	0.333001	0.416003	0.166999
0.042497	0.416003	0.291501	0.25
0.000996	0.914011	0.042497	0.042497
0.083997	0.831009	0.042497	0.042497
0.083997	0.416003	0.291501	0.208499
0.042497	0.748008	0.166999	0.042497
0.499004	0.208499	0.208499	0.083997
0.000996	0.042497	0.955511	0.000996
0.000996	0.083997	0.914011	0.000996
0.000996	0.914011	0.083997	0.000996
0.125498	0.333001	0.291501	0.25
>V$AP2ALPHA_01	AP-2alpha	5.420368361259434
0.000996	0.000996	0.997012	0.000996
0.000996	0.997012	0.000996	0.000996
0.000996	0.997012	0.000996	0.000996
0.119441	0.383251	0.248654	0.248654
0.10329	0.307877	0.329412	0.259422
0.297109	0.237886	0.361715	0.10329
0.286341	0.162512	0.490928	0.060219
0.10329	0.087138	0.738586	0.070986
0.049451	0.420938	0.426322	0.10329
>V$AP2ALPHA_02	AP-2alphaA	9.515374568973401
0.555919	0.157513	0.129055	0.157513
0.285572	0.31403	0.143284	0.257114
0.228657	0.456318	0.029454	0.285572
0.000996	0.000996	0.997012	0.000996
0.000996	0.997012	0.000996	0.000996
0.000996	0.997012	0.000996	0.000996
0.000996	0.299801	0.057911	0.641292
0.07214	0.31403	0.342487	0.271343
0.641292	0.129055	0.228657	0.000996
0.129055	0.000996	0.868953	0.000996
0.000996	0.000996	0.997012	0.000996
0.000996	0.442089	0.555919	0.000996
0.07214	0.285572	0.442089	0.200199
0.399402	0.228657	0.228657	0.143284
0.086369	0.242886	0.143284	0.527462
>V$AP2ALPHA_03	AP-2alphaA	10.722756970494421
0.611457	0.161644	0.145579	0.08132
0.145579	0.338356	0.193773	0.322291
0.306227	0.547198	0.000996	0.145579
0.000996	0.000996	0.997012	0.000996
0.000996	0.997012	0.000996	0.000996
0.000996	0.997012	0.000996	0.000996
0.000996	0.145579	0.08132	0.772105
0.145579	0.354421	0.354421	0.145579
0.772105	0.08132	0.145579	0.000996
0.000996	0.000996	0.997012	0.000996
0.000996	0.000996	0.997012	0.000996
0.000996	0.997012	0.000996	0.000996
0.145579	0.000996	0.547198	0.306227
0.322291	0.193773	0.338356	0.145579
0.08132	0.145579	0.161644	0.611457
>V$AP2GAMMA_01	AP-2gamma	5.959590716306935
0.000996	0.000996	0.997012	0.000996
0.000996	0.997012	0.000996	0.000996
0.000996	0.997012	0.000996	0.000996
0.028284	0.444428	0.212479	0.314809
0.096504	0.314809	0.396674	0.192013
0.314809	0.239767	0.389852	0.055572
0.192013	0.089682	0.635445	0.08286
0.08286	0.062394	0.792351	0.062394
0.076038	0.38303	0.430784	0.110148
>V$AP2REP_01	AP-2rep	5.05274091330122
0.18209	0.725371	0.000996	0.091543
0.634824	0.18209	0.000996	0.18209
0.091543	0.091543	0.815918	0.000996
0.000996	0.18209	0.000996	0.815918
0.18209	0.091543	0.634824	0.091543
0.091543	0.091543	0.634824	0.18209
0.18209	0.091543	0.544277	0.18209
>V$AP3_Q6	AP-3	5.806952904255681
0.091543	0.272637	0.000996	0.634824
0.000996	0.997012	0.000996	0.000996
0.000996	0.453731	0.000996	0.544277
0.544277	0.363184	0.091543	0.000996
0.634824	0.363184	0.000996	0.000996
0.997012	0.000996	0.000996	0.000996
0.000996	0.272637	0.091543	0.634824
0.272637	0.091543	0.000996	0.634824
>V$AP4_01	AP-4	12.339360157336653
0.598606	0.000996	0.000996	0.399402
0.200199	0.200199	0.598606	0.000996
0.598606	0.200199	0.200199	0.000996
0.399402	0.200199	0.399402	0.000996
0.200199	0.399402	0.000996	0.399402
0.000996	0.997012	0.000996	0.000996
0.997012	0.000996	0.000996	0.000996
0.000996	0.000996	0.997012	0.000996
0.000996	0.997012	0.000996	0.000996
0.000996	0.000996	0.200199	0.797809
0.000996	0.200199	0.797809	0.000996
0.000996	0.399402	0.200199	0.399402
0.200199	0.000996	0.598606	0.200199
0.000996	0.000996	0.997012	0.000996
0.200199	0.200199	0.200199	0.399402
0.200199	0.797809	0.000996	0.000996
0.399402	0.200199	0.200199	0.200199
0.000996	0.000996	0.598606	0.399402
>V$AP4_Q5	AP-4	7.05261930203426
0.285572	0.42786	0.285572	0.000996
0.285572	0.000996	0.285572	0.42786
0.000996	0.997012	0.000996	0.000996
0.997012	0.000996	0.000996	0.000996
0.000996	0.000996	0.997012	0.000996
0.000996	0.997012	0.000996	0.000996
0.143284	0.000996	0.143284	0.712436
0.000996	0.285572	0.712436	0.000996
0.143284	0.143284	0.42786	0.285572
0.143284	0.143284	0.285572	0.42786
>V$AP4_Q6	AP-4	7.601072958408697
0.200199	0.598606	0.200199	0.000996
0.399402	0.000996	0.200199	0.399402
0.000996	0.997012	0.000996	0.000996
0.997012	0.000996	0.000996	0.000996
0.000996	0.000996	0.997012	0.000996
0.000996	0.997012	0.000996	0.000996
0.000996	0.000996	0.200199	0.797809
0.000996	0.200199	0.797809	0.000996
0.000996	0.200199	0.598606	0.200199
0.200199	0.200199	0.200199	0.399402
>V$AP4_Q6_01	AP-4	6.649960535999334
0.42786	0.143284	0.42786	0.000996
0.285572	0.42786	0.143284	0.143284
0.000996	0.854724	0.143284	0.000996
0.712436	0.143284	0.000996	0.143284
0.000996	0.143284	0.854724	0.000996
0.143284	0.712436	0.143284	0.000996
0.000996	0.000996	0.000996	0.997012
0.000996	0.000996	0.997012	0.000996
0.143284	0.570148	0.000996	0.285572
>V$AR_Q2	AR	11.395519863099794
0.854724	0.000996	0.143284	0.000996
0.143284	0.000996	0.854724	0.000996
0.42786	0.000996	0.000996	0.570148
0.712436	0.000996	0.285572	0.000996
0.000996	0.712436	0.285572	0.000996
0.570148	0.143284	0.143284	0.143284
0.000996	0.143284	0.143284	0.712436
0.143284	0.143284	0.42786	0.285572
0.42786	0.143284	0.000996	0.42786
0.285572	0.000996	0.000996	0.712436
0.000996	0.000996	0.997012	0.000996
0.000996	0.000996	0.000996	0.997012
0.285572	0.000996	0.000996	0.712436
0.000996	0.997012	0.000996	0.000996
0.143284	0.000996	0.000996	0.854724
>V$AR_01	AR	10.729127538822157
0.172723	0.035341	0.722249	0.069687
0.000996	0.000996	0.962667	0.035341
0.275759	0.035341	0.138378	0.550522
0.825285	0.035341	0.000996	0.138378
0.000996	0.997012	0.000996	0.000996
0.653558	0.035341	0.275759	0.035341
0.172723	0.241414	0.34445	0.241414
0.207068	0.207068	0.378795	0.207068
0.310104	0.104032	0.447486	0.138378
0.104032	0.172723	0.000996	0.722249
0.000996	0.000996	0.997012	0.000996
0.035341	0.000996	0.035341	0.928321
0.138378	0.104032	0.207068	0.550522
0.069687	0.928321	0.000996	0.000996
0.035341	0.275759	0.035341	0.653558
>V$AR_02	AR	14.74500046007444
0.215823	0.274412	0.274412	0.235353
0.176764	0.137704	0.391591	0.293942
0.176764	0.176764	0.333001	0.313472
0.176764	0.079115	0.508769	0.235353
0.333001	0.254882	0.235353	0.176764
0.333001	0.059585	0.45018	0.157234
0.293942	0.020526	0.567358	0.118174
0.020526	0.020526	0.879834	0.079115
0.215823	0.098645	0.215823	0.469709
0.879834	0.040055	0.000996	0.079115
0.020526	0.977482	0.000996	0.000996
0.665007	0.000996	0.313472	0.020526
0.157234	0.274412	0.215823	0.352531
0.235353	0.215823	0.235353	0.313472
0.040055	0.079115	0.645477	0.235353
0.000996	0.000996	0.000996	0.997012
0.000996	0.000996	0.997012	0.000996
0.000996	0.000996	0.000996	0.997012
0.000996	0.000996	0.000996	0.997012
0.000996	0.997012	0.000996	0.000996
0.000996	0.000996	0.000996	0.997012
0.137704	0.157234	0.254882	0.45018
0.157234	0.098645	0.43065	0.313472
0.235353	0.176764	0.254882	0.333001
0.196293	0.176764	0.313472	0.313472
0.176764	0.293942	0.254882	0.274412
0.254882	0.235353	0.274412	0.235353
>V$AR_03	AR	14.08272992500897
0.326617	0.154229	0.307462	0.211692
0.135075	0.25	0.422387	0.192538
0.211692	0.211692	0.307462	0.269154
0.25	0.173383	0.288308	0.288308
0.307462	0.096767	0.364925	0.230846
0.364925	0.096767	0.288308	0.25
0.326617	0.02015	0.537312	0.115921
0.039304	0.000996	0.920395	0.039304
0.326617	0.058458	0.192538	0.422387
0.80547	0.000996	0.135075	0.058458
0.000996	0.882087	0.058458	0.058458
0.422387	0.058458	0.403233	0.115921
0.115921	0.460696	0.154229	0.269154
0.288308	0.173383	0.326617	0.211692
0.115921	0.211692	0.575621	0.096767
0.000996	0.000996	0.000996	0.997012
0.000996	0.000996	0.997012	0.000996
0.000996	0.000996	0.000996	0.997012
0.000996	0.000996	0.000996	0.997012
0.000996	0.997012	0.000996	0.000996
0.000996	0.000996	0.000996	0.997012
0.173383	0.211692	0.211692	0.403233
0.230846	0.077613	0.307462	0.384079
0.211692	0.211692	0.269154	0.307462
0.154229	0.096767	0.384079	0.364925
0.154229	0.211692	0.364925	0.269154
0.25	0.230846	0.288308	0.230846
>V$AR_Q6	AR	5.414739829359984
0.366202	0.067397	0.133798	0.432603
0.034197	0.166999	0.764608	0.034197
0.86421	0.000996	0.034197	0.100598
0.2666	0.034197	0.665007	0.034197
0.133798	0.731408	0.034197	0.100598
0.963811	0.034197	0.000996	0.000996
0.2666	0.399402	0.166999	0.166999
0.366202	0.000996	0.432603	0.200199
0.299801	0.200199	0.200199	0.299801
>V$AR_04	AR	10.255630713650744
0.125498	0.042497	0.789509	0.042497
0.000996	0.000996	0.955511	0.042497
0.333001	0.166999	0.166999	0.333001
0.748008	0.083997	0.000996	0.166999
0.000996	0.997012	0.000996	0.000996
0.540505	0.042497	0.333001	0.083997
0.125498	0.25	0.333001	0.291501
0.291501	0.125498	0.416003	0.166999
0.333001	0.125498	0.499004	0.042497
0.083997	0.208499	0.000996	0.706507
0.000996	0.000996	0.997012	0.000996
0.042497	0.000996	0.000996	0.955511
0.333001	0.083997	0.125498	0.457503
0.083997	0.914011	0.000996	0.000996
0.083997	0.166999	0.042497	0.706507
>V$AREB6_01	AREB6	8.776689084437052
0.25	0.25	0.166999	0.333001
0.416003	0.25	0.083997	0.25
0.000996	0.499004	0.083997	0.416003
0.166999	0.083997	0.25	0.499004
0.083997	0.333001	0.000996	0.582005
0.997012	0.000996	0.000996	0.000996
0.000996	0.997012	0.000996	0.000996
0.000996	0.997012	0.000996	0.000996
0.000996	0.000996	0.000996	0.997012
0.000996	0.000996	0.997012	0.000996
0.333001	0.083997	0.083997	0.499004
0.25	0.25	0.499004	0.000996
0.083997	0.25	0.083997	0.582005
>V$AREB6_02	AREB6	7.833110425040361
0.41112	0.118174	0.118174	0.352531
0.235353	0.293942	0.118174	0.352531
0.352531	0.118174	0.059585	0.469709
0.000996	0.997012	0.000996	0.000996
0.997012	0.000996	0.000996	0.000996
0.000996	0.997012	0.000996	0.000996
0.000996	0.997012	0.000996	0.000996
0.000996	0.000996	0.000996	0.997012
0.118174	0.118174	0.528299	0.235353
0.293942	0.118174	0.059585	0.528299
0.352531	0.235353	0.176764	0.235353
0.176764	0.469709	0.176764	0.176764
>V$AREB6_03	AREB6	8.57032274906996
0.25	0.416003	0.333001	0.000996
0.083997	0.333001	0.166999	0.416003
0.416003	0.000996	0.582005	0.000996
0.000996	0.997012	0.000996	0.000996
0.997012	0.000996	0.000996	0.000996
0.000996	0.914011	0.000996	0.083997
0.000996	0.914011	0.083997	0.000996
0.000996	0.000996	0.000996	0.997012
0.000996	0.000996	0.997012	0.000996
0.000996	0.083997	0.416003	0.499004
0.25	0.083997	0.416003	0.25
0.25	0.499004	0.166999	0.083997
>V$AREB6_04	AREB6	5.880410250596536
0.25	0.499004	0.166999	0.083997
0.000996	0.25	0.333001	0.416003
0.000996	0.000996	0.997012	0.000996
0.000996	0.000996	0.000996	0.997012
0.000996	0.000996	0.000996	0.997012
0.000996	0.000996	0.000996	0.997012
0.000996	0.582005	0.416003	0.000996
0.333001	0.166999	0.166999	0.333001
0.25	0.166999	0.333001	0.25
>V$ARP1_01	ARP-1 (COUP-TF2)	12.18270199025107
0.000996	0.143284	0.000996	0.854724
0.000996	0.143284	0.854724	0.000996
0.854724	0.143284	0.000996	0.000996
0.499004	0.000996	0.499004	0.000996
0.000996	0.712436	0.143284	0.143284
0.000996	0.854724	0.000996	0.143284
0.000996	0.570148	0.000996	0.42786
0.143284	0.143284	0.000996	0.712436
0.000996	0.000996	0.000996	0.997012
0.000996	0.000996	0.997012	0.000996
0.797809	0.000996	0.200199	0.000996
0.333001	0.499004	0.166999	0.000996
0.285572	0.712436	0.000996	0.000996
0.000996	0.712436	0.000996	0.285572
0.000996	0.570148	0.143284	0.285572
0.42786	0.000996	0.000996	0.570148
>V$ATF_01	ATF	8.61411730039167
0.200199	0.558765	0.080677	0.160359
0.080677	0.24004	0.319721	0.359562
0.120518	0.399402	0.399402	0.080677
0.000996	0.000996	0.000996	0.997012
0.000996	0.000996	0.997012	0.000996
0.997012	0.000996	0.000996	0.000996
0.000996	0.997012	0.000996	0.000996
0.000996	0.000996	0.997012	0.000996
0.160359	0.080677	0.040837	0.718127
0.27988	0.439243	0.120518	0.160359
0.359562	0.040837	0.27988	0.319721
0.24004	0.27988	0.27988	0.200199
0.040837	0.439243	0.160359	0.359562
0.080677	0.518924	0.200199	0.200199
>V$ATF1_Q6	ATF1	9.059875405889562
0.000996	0.997012	0.000996	0.000996
0.000996	0.333001	0.111664	0.554338
0.111664	0.44367	0.111664	0.333001
0.000996	0.111664	0.111664	0.775675
0.000996	0.222333	0.775675	0.000996
0.997012	0.000996	0.000996	0.000996
0.111664	0.886344	0.000996	0.000996
0.000996	0.000996	0.997012	0.000996
0.333001	0.000996	0.000996	0.665007
0.111664	0.886344	0.000996	0.000996
0.886344	0.000996	0.000996	0.111664
>V$CREBP1_01	ATF2	7.618408566066663
0.000996	0.000996	0.000996	0.997012
0.000996	0.000996	0.170531	0.827477
0.997012	0.000996	0.000996	0.000996
0.000996	0.997012	0.000996	0.000996
0.085763	0.000996	0.912245	0.000996
0.000996	0.000996	0.000996	0.997012
0.827477	0.149339	0.000996	0.022188
0.954628	0.04338	0.000996	0.000996
>V$CREBP1_Q2	ATF2	9.190711636440328
0.285572	0.285572	0.42786	0.000996
0.000996	0.285572	0.570148	0.143284
0.000996	0.000996	0.000996	0.997012
0.000996	0.000996	0.997012	0.000996
0.997012	0.000996	0.000996	0.000996
0.000996	0.997012	0.000996	0.000996
0.000996	0.000996	0.997012	0.000996
0.000996	0.143284	0.000996	0.854724
0.570148	0.42786	0.000996	0.000996
0.712436	0.000996	0.143284	0.143284
0.143284	0.570148	0.285572	0.000996
0.143284	0.285572	0.143284	0.42786
>V$CREBP1CJUN_01	ATF2:c-Jun	7.2758838685173615
0.000996	0.024159	0.000996	0.973849
0.047322	0.000996	0.950686	0.000996
0.997012	0.000996	0.000996	0.000996
0.000996	0.997012	0.000996	0.000996
0.047322	0.024159	0.927522	0.000996
0.000996	0.000996	0.000996	0.997012
0.000996	0.464259	0.070485	0.464259
0.927522	0.024159	0.000996	0.047322
>V$ATF3_Q6	ATF3	10.490367249073165
0.166999	0.499004	0.166999	0.166999
0.000996	0.285572	0.285572	0.42786
0.143284	0.570148	0.285572	0.000996
0.000996	0.000996	0.000996	0.997012
0.000996	0.000996	0.906465	0.091543
0.906465	0.091543	0.000996	0.000996
0.000996	0.815918	0.091543	0.091543
0.125498	0.000996	0.87251	0.000996
0.000996	0.000996	0.000996	0.997012
0.000996	0.89741	0.100598	0.000996
0.797809	0.000996	0.000996	0.200199
0.125498	0.25	0.25	0.374502
0.000996	0.712436	0.143284	0.143284
0.000996	0.42786	0.570148	0.000996
>V$ATF4_Q2	ATF4	8.580224759372854
0.000996	0.665007	0.333001	0.000996
0.285572	0.42786	0.285572	0.000996
0.000996	0.000996	0.000996	0.997012
0.000996	0.000996	0.854724	0.143284
0.854724	0.000996	0.143284	0.000996
0.000996	0.997012	0.000996	0.000996
0.000996	0.000996	0.712436	0.285572
0.000996	0.570148	0.000996	0.42786
0.570148	0.42786	0.000996	0.000996
0.712436	0.000996	0.285572	0.000996
0.000996	0.285572	0.285572	0.42786
0.200199	0.200199	0.598606	0.000996
>V$ATF5_01	ATF5	8.998878004973063
0.172723	0.584867	0.035341	0.207068
0.035341	0.447486	0.104032	0.413141
0.000996	0.000996	0.000996	0.997012
0.000996	0.997012	0.000996	0.000996
0.069687	0.035341	0.035341	0.85963
0.069687	0.413141	0.000996	0.516177
0.000996	0.962667	0.000996	0.035341
0.069687	0.928321	0.000996	0.000996
0.000996	0.000996	0.000996	0.997012
0.035341	0.035341	0.000996	0.928321
0.653558	0.104032	0.000996	0.241414
>V$ATF6_01	ATF6	7.830887487621327
0.000996	0.000996	0.000996	0.997012
0.000996	0.000996	0.997012	0.000996
0.997012	0.000996	0.000996	0.000996
0.000996	0.997012	0.000996	0.000996
0.000996	0.000996	0.997012	0.000996
0.000996	0.000996	0.000996	0.997012
0.000996	0.100598	0.89741	0.000996
0.100598	0.000996	0.89741	0.000996
>V$AHR_01	AhR	12.751746786821306
0.000996	0.665007	0.222333	0.111664
0.000996	0.665007	0.000996	0.333001
0.000996	0.554338	0.111664	0.333001
0.000996	0.775675	0.222333	0.000996
0.222333	0.333001	0.333001	0.111664
0.44367	0.000996	0.554338	0.000996
0.333001	0.111664	0.44367	0.111664
0.000996	0.554338	0.44367	0.000996
0.000996	0.000996	0.000996	0.997012
0.333001	0.222333	0.111664	0.333001
0.000996	0.000996	0.997012	0.000996
0.000996	0.997012	0.000996	0.000996
0.000996	0.000996	0.997012	0.000996
0.000996	0.000996	0.000996	0.997012
0.000996	0.000996	0.997012	0.000996
0.665007	0.111664	0.111664	0.111664
0.111664	0.333001	0.554338	0.000996
0.665007	0.000996	0.000996	0.333001
>V$AHR_Q5	AhR	7.203835123022636
0.080677	0.439243	0.24004	0.24004
0.040837	0.080677	0.200199	0.678287
0.160359	0.24004	0.200199	0.399402
0.000996	0.000996	0.997012	0.000996
0.000996	0.997012	0.000996	0.000996
0.000996	0.000996	0.997012	0.000996
0.000996	0.000996	0.000996	0.997012
0.000996	0.000996	0.997012	0.000996
0.359562	0.359562	0.080677	0.200199
0.160359	0.27988	0.439243	0.120518
0.27988	0.27988	0.200199	0.24004
>V$AHRHIF_Q6	AhR, Arnt, HIF-1	6.179702532587248
0.128147	0.212914	0.255298	0.403641
0.424833	0.000996	0.573175	0.000996
0.022188	0.97582	0.000996	0.000996
0.000996	0.000996	0.997012	0.000996
0.000996	0.000996	0.000996	0.997012
0.000996	0.000996	0.997012	0.000996
0.27649	0.467216	0.106955	0.149339
0.106955	0.234106	0.530792	0.128147
0.191722	0.27649	0.361257	0.170531
>V$AHRARNT_01	AhR:Arnt	9.49189512146951
0.170319	0.000996	0.329681	0.499004
0.329681	0.060757	0.27988	0.329681
0.319721	0.160359	0.25996	0.25996
0.140438	0.090637	0.479084	0.289841
0.272637	0.141847	0.403427	0.18209
0.23008	0.090637	0.359562	0.319721
0.08975	0.050304	0.227812	0.632135
0.08975	0.34615	0.08975	0.47435
0.000996	0.000996	0.957171	0.040837
0.000996	0.957171	0.000996	0.040837
0.000996	0.000996	0.997012	0.000996
0.000996	0.000996	0.000996	0.997012
0.000996	0.000996	0.997012	0.000996
0.22012	0.608566	0.000996	0.170319
0.329681	0.499004	0.000996	0.170319
0.200199	0.399402	0.399402	0.000996
>V$AHRARNT_02	AhR:Arnt	13.3587685409081
0.160359	0.040837	0.757968	0.040837
0.319721	0.080677	0.479084	0.120518
0.080677	0.24004	0.558765	0.120518
0.120518	0.120518	0.439243	0.319721
0.718127	0.000996	0.24004	0.040837
0.000996	0.000996	0.160359	0.837649
0.000996	0.518924	0.000996	0.479084
0.000996	0.000996	0.997012	0.000996
0.000996	0.997012	0.000996	0.000996
0.000996	0.000996	0.997012	0.000996
0.000996	0.000996	0.000996	0.997012
0.000996	0.000996	0.997012	0.000996
0.479084	0.359562	0.000996	0.160359
0.080677	0.558765	0.27988	0.080677
0.479084	0.000996	0.080677	0.439243
0.399402	0.040837	0.319721	0.24004
0.000996	0.399402	0.399402	0.200199
0.000996	0.718127	0.160359	0.120518
0.000996	0.997012	0.000996	0.000996
>V$ALX4_01	Alx-4	12.97193803142511
0.000996	0.997012	0.000996	0.000996
0.000996	0.997012	0.000996	0.000996
0.000996	0.000996	0.000996	0.997012
0.000996	0.000996	0.997012	0.000996
0.997012	0.000996	0.000996	0.000996
0.000996	0.000996	0.997012	0.000996
0.997012	0.000996	0.000996	0.000996
0.997012	0.000996	0.000996	0.000996
0.000996	0.000996	0.000996	0.997012
0.997012	0.000996	0.000996	0.000996
0.997012	0.000996	0.000996	0.000996
0.000996	0.000996	0.000996	0.997012
0.000996	0.997012	0.000996	0.000996
>V$ARNT_01	Arnt	9.225344357844023
0.247535	0.129196	0.494073	0.129196
0.299801	0.000996	0.299801	0.399402
0.329681	0.000996	0.25	0.419323
0.329681	0.080677	0.419323	0.170319
0.168642	0.168642	0.247535	0.415181
0.200199	0.797809	0.000996	0.000996
0.947211	0.000996	0.050797	0.000996
0.000996	0.997012	0.000996	0.000996
0.000996	0.000996	0.997012	0.000996
0.000996	0.000996	0.000996	0.997012
0.000996	0.000996	0.997012	0.000996
0.237673	0.34615	0.237673	0.178504
0.140438	0.359562	0.140438	0.359562
0.168642	0.415181	0.247535	0.168642
0.100598	0.200199	0.399402	0.299801
0.129196	0.375735	0.247535	0.247535
>V$ARNT_02	Arnt	10.610877070576358
0.166999	0.380431	0.333001	0.119569
0.333001	0.309287	0.285572	0.07214
0.333001	0.190713	0.261857	0.214428
0.333001	0.285572	0.190713	0.190713
0.238143	0.166999	0.356716	0.238143
0.356716	0.119569	0.451575	0.07214
0.143284	0.000996	0.190713	0.665007
0.000996	0.997012	0.000996	0.000996
0.997012	0.000996	0.000996	0.000996
0.000996	0.997012	0.000996	0.000996
0.000996	0.000996	0.997012	0.000996
0.000996	0.000996	0.000996	0.997012
0.000996	0.000996	0.997012	0.000996
0.665007	0.190713	0.000996	0.143284
0.07214	0.451575	0.119569	0.356716
0.238143	0.356716	0.166999	0.238143
0.190713	0.190713	0.285572	0.333001
0.214428	0.261857	0.190713	0.333001
0.07214	0.285572	0.309287	0.333001
0.119569	0.333001	0.380431	0.166999
>V$BCL6_Q3	BCL6	7.312042972660615
0.200199	0.200199	0.399402	0.200199
0.000996	0.200199	0.399402	0.399402
0.000996	0.000996	0.143284	0.854724
0.000996	0.143284	0.000996	0.854724
0.000996	0.854724	0.000996	0.143284
0.143284	0.143284	0.143284	0.570148
0.997012	0.000996	0.000996	0.000996
0.000996	0.000996	0.997012	0.000996
0.000996	0.000996	0.997012	0.000996
0.42786	0.000996	0.143284	0.42786
>V$BCL6_01	BCL6	6.829523254500283
0.158262	0.315527	0.053418	0.472793
0.31791	0.136816	0.136816	0.408457
0.285572	0.143284	0.143284	0.42786
0.091543	0.363184	0.272637	0.272637
0.272637	0.31791	0.046269	0.363184
0.333001	0.095855	0.238143	0.333001
0.31791	0.046269	0.453731	0.18209
0.238143	0.190713	0.285572	0.285572
0.453731	0.136816	0.046269	0.363184
0.420371	0.053418	0.210684	0.315527
0.285572	0.143284	0.143284	0.42786
0.299801	0.100598	0.299801	0.299801
0.18209	0.499004	0.046269	0.272637
0.046269	0.227363	0.000996	0.725371
0.136816	0.136816	0.000996	0.725371
0.000996	0.000996	0.000996	0.997012
>V$BCL6_02	BCL6	11.504991060898677
0.333001	0.000996	0.111664	0.554338
0.333001	0.000996	0.554338	0.111664
0.000996	0.997012	0.000996	0.000996
0.000996	0.000996	0.000996	0.997012
0.000996	0.000996	0.000996	0.997012
0.000996	0.000996	0.000996	0.997012
0.000996	0.997012	0.000996	0.000996
0.000996	0.200199	0.299801	0.499004
0.797809	0.000996	0.000996	0.200199
0.100598	0.200199	0.698207	0.000996
0.100598	0.000996	0.89741	0.000996
0.598606	0.000996	0.399402	0.000996
0.698207	0.100598	0.000996	0.200199
0.000996	0.000996	0.000996	0.997012
>V$BEN_01	BEN	5.0621810456338405
0.067397	0.731408	0.200199	0.000996
0.731408	0.067397	0.067397	0.133798
0.067397	0.000996	0.930611	0.000996
0.100598	0.764608	0.133798	0.000996
0.067397	0.2334	0.698207	0.000996
0.465803	0.067397	0.432603	0.034197
0.2666	0.333001	0.200199	0.200199
0.310104	0.413141	0.275759	0.000996
>V$BEN_02	BEN	7.305523670489043
0.000996	0.997012	0.000996	0.000996
0.623506	0.000996	0.000996	0.374502
0.000996	0.000996	0.997012	0.000996
0.000996	0.997012	0.000996	0.000996
0.000996	0.000996	0.997012	0.000996
0.997012	0.000996	0.000996	0.000996
0.000996	0.623506	0.000996	0.374502
0.997012	0.000996	0.000996	0.000996
>V$BLIMP1_Q6	BLIMP1	11.133776133492145
0.665007	0.000996	0.222333	0.111664
0.222333	0.000996	0.775675	0.000996
0.44367	0.000996	0.554338	0.000996
0.665007	0.111664	0.222333	0.000996
0.997012	0.000996	0.000996	0.000996
0.000996	0.000996	0.997012	0.000996
0.000996	0.000996	0.554338	0.44367
0.000996	0.000996	0.997012	0.000996
0.997012	0.000996	0.000996	0.000996
0.997012	0.000996	0.000996	0.000996
0.886344	0.000996	0.000996	0.111664
0.000996	0.111664	0.665007	0.222333
0.000996	0.000996	0.554338	0.44367
0.554338	0.111664	0.333001	0.000996
>V$BRCA_01	BRCA1:USF2	5.2637876197936055
0.163138	0.070485	0.278954	0.487422
0.047322	0.163138	0.232628	0.556912
0.093649	0.348443	0.32528	0.232628
0.070485	0.232628	0.302117	0.39477
0.000996	0.116812	0.811707	0.070485
0.000996	0.000996	0.000996	0.997012
0.000996	0.024159	0.000996	0.973849
0.047322	0.070485	0.76538	0.116812
>V$BACH1_01	Bach1	10.965040677816775
0.480559	0.185443	0.259222	0.074775
0.222333	0.333001	0.222333	0.222333
0.111664	0.333001	0.44367	0.111664
0.738786	0.037885	0.222333	0.000996
0.000996	0.000996	0.000996	0.997012
0.000996	0.000996	0.997012	0.000996
0.997012	0.000996	0.000996	0.000996
0.000996	0.000996	0.997012	0.000996
0.000996	0.000996	0.000996	0.997012
0.000996	0.997012	0.000996	0.000996
0.997012	0.000996	0.000996	0.000996
0.037885	0.111664	0.037885	0.812565
0.148554	0.222333	0.517449	0.111664
0.259222	0.333001	0.259222	0.148554
0.074775	0.259222	0.148554	0.517449
>V$BACH2_01	Bach2	8.459654039984079
0.091543	0.499004	0.31791	0.091543
0.384079	0.077613	0.499004	0.039304
0.000996	0.000996	0.077613	0.920395
0.000996	0.000996	0.958704	0.039304
0.690546	0.230846	0.039304	0.039304
0.077613	0.000996	0.920395	0.000996
0.039304	0.000996	0.039304	0.920395
0.077613	0.882087	0.039304	0.000996
0.951739	0.000996	0.046269	0.000996
0.100598	0.25	0.150398	0.499004
0.150398	0.548805	0.25	0.050797
>V$BARBIE_01	Barbie Box	10.054273862391339
0.665007	0.133798	0.067397	0.133798
0.133798	0.067397	0.200199	0.598606
0.2666	0.465803	0.067397	0.200199
0.399402	0.133798	0.133798	0.333001
0.997012	0.000996	0.000996	0.000996
0.997012	0.000996	0.000996	0.000996
0.997012	0.000996	0.000996	0.000996
0.000996	0.000996	0.997012	0.000996
0.067397	0.598606	0.2666	0.067397
0.2666	0.200199	0.067397	0.465803
0.067397	0.067397	0.665007	0.200199
0.2666	0.067397	0.532205	0.133798
0.333001	0.133798	0.2666	0.2666
0.133798	0.000996	0.598606	0.2666
0.133798	0.067397	0.731408	0.067397
>V$BRACH_01	Brachyury	18.921366772430545
0.374502	0.424303	0.075697	0.125498
0.125498	0.075697	0.374502	0.424303
0.374502	0.349602	0.000996	0.2749
0.125498	0.299801	0.399402	0.175299
0.025896	0.050797	0.000996	0.922311
0.050797	0.474104	0.474104	0.000996
0.748008	0.000996	0.175299	0.075697
0.000996	0.997012	0.000996	0.000996
0.947211	0.000996	0.050797	0.000996
0.050797	0.84761	0.050797	0.050797
0.050797	0.698207	0.200199	0.050797
0.025896	0.025896	0.000996	0.947211
0.997012	0.000996	0.000996	0.000996
0.000996	0.000996	0.997012	0.000996
0.000996	0.000996	0.997012	0.000996
0.000996	0.000996	0.000996	0.997012
0.000996	0.000996	0.997012	0.000996
0.000996	0.050797	0.000996	0.947211
0.025896	0.175299	0.698207	0.100598
0.997012	0.000996	0.000996	0.000996
0.772908	0.125498	0.000996	0.100598
0.797809	0.000996	0.075697	0.125498
0.125498	0.125498	0.025896	0.723108
0.025896	0.125498	0.200199	0.648406
>V$BRN2_01	Brn-2	9.071948106718267
0.166999	0.25	0.333001	0.25
0.166999	0.333001	0.166999	0.333001
0.083997	0.748008	0.083997	0.083997
0.914011	0.000996	0.000996	0.083997
0.083997	0.000996	0.000996	0.914011
0.100598	0.299801	0.299801	0.299801
0.100598	0.499004	0.299801	0.100598
0.399402	0.000996	0.399402	0.200199
0.499004	0.000996	0.000996	0.499004
0.997012	0.000996	0.000996	0.000996
0.997012	0.000996	0.000996	0.000996
0.083997	0.000996	0.000996	0.914011
0.333001	0.166999	0.416003	0.083997
0.499004	0.333001	0.083997	0.083997
0.416003	0.000996	0.416003	0.166999
0.166999	0.416003	0.083997	0.333001
>V$CEBP_01	C/EBP	6.403318714917512
0.227363	0.136816	0.18209	0.453731
0.31791	0.272637	0.31791	0.091543
0.227363	0.000996	0.136816	0.634824
0.136816	0.000996	0.363184	0.499004
0.091543	0.000996	0.091543	0.815918
0.000996	0.000996	0.997012	0.000996
0.091543	0.227363	0.544277	0.136816
0.363184	0.046269	0.091543	0.499004
0.453731	0.091543	0.18209	0.272637
0.725371	0.000996	0.000996	0.272637
0.272637	0.227363	0.31791	0.18209
0.18209	0.18209	0.31791	0.31791
0.18209	0.31791	0.18209	0.31791
>V$CEBP_Q2	C/EBP	6.998779770311749
0.386551	0.161644	0.209838	0.241968
0.225903	0.274097	0.241968	0.258032
0.499004	0.145579	0.209838	0.145579
0.000996	0.065255	0.000996	0.932753
0.000996	0.000996	0.000996	0.997012
0.129514	0.000996	0.78817	0.08132
0.08132	0.627522	0.161644	0.129514
0.354421	0.065255	0.354421	0.225903
0.241968	0.209838	0.113449	0.434745
0.579328	0.209838	0.08132	0.129514
0.691781	0.04919	0.193773	0.065255
0.241968	0.161644	0.241968	0.354421
0.258032	0.129514	0.274097	0.338356
0.338356	0.241968	0.193773	0.225903
>V$CEBP_Q3	C/EBP	5.810961212344778
0.278954	0.186301	0.278954	0.255791
0.348443	0.163138	0.255791	0.232628
0.333001	0.209464	0.286675	0.170859
0.209464	0.139975	0.078207	0.572354
0.093649	0.10137	0.271233	0.533749
0.255791	0.10137	0.224907	0.417933
0.186301	0.078207	0.402491	0.333001
0.000996	0.000996	0.997012	0.000996
0.170859	0.448817	0.132254	0.24807
0.858033	0.085928	0.016438	0.039601
0.966128	0.008717	0.024159	0.000996
0.30447	0.218875	0.187749	0.288907
>V$CEBP_Q2_01	C/EBP	6.695601573272993
0.359114	0.213629	0.202437	0.22482
0.000996	0.012187	0.000996	0.985821
0.012187	0.000996	0.101717	0.8851
0.269585	0.023378	0.5046	0.202437
0.012187	0.985821	0.000996	0.000996
0.426261	0.258393	0.112908	0.202437
0.22482	0.392688	0.090526	0.291967
0.650085	0.236011	0.056952	0.056952
0.761997	0.03457	0.112908	0.090526
0.090526	0.269585	0.202437	0.437452
0.213629	0.280776	0.157673	0.347923
0.303158	0.280776	0.090526	0.325541
>V$CEBPA_01	C/EBPalpha	6.7674037258120725
0.371607	0.232628	0.163138	0.232628
0.209464	0.232628	0.255791	0.302117
0.533749	0.116812	0.186301	0.163138
0.000996	0.000996	0.000996	0.997012
0.000996	0.000996	0.024159	0.973849
0.32528	0.047322	0.580075	0.047322
0.093649	0.649565	0.186301	0.070485
0.302117	0.255791	0.186301	0.255791
0.348443	0.302117	0.047322	0.302117
0.672728	0.209464	0.047322	0.070485
0.695891	0.139975	0.116812	0.047322
0.255791	0.255791	0.209464	0.278954
0.232628	0.39477	0.163138	0.209464
0.371607	0.186301	0.163138	0.278954
>V$CEBPB_01	C/EBPbeta	7.759926563962452
0.42786	0.048425	0.380431	0.143284
0.238143	0.143284	0.333001	0.285572
0.42786	0.143284	0.380431	0.048425
0.048425	0.000996	0.000996	0.949583
0.048425	0.000996	0.333001	0.617577
0.333001	0.000996	0.380431	0.285572
0.238143	0.095855	0.238143	0.42786
0.000996	0.000996	0.997012	0.000996
0.380431	0.42786	0.000996	0.190713
0.949583	0.048425	0.000996	0.000996
0.997012	0.000996	0.000996	0.000996
0.143284	0.048425	0.285572	0.522719
0.238143	0.285572	0.333001	0.143284
0.143284	0.143284	0.285572	0.42786
>V$CEBPB_02	C/EBPbeta	7.757037464119288
0.352531	0.118174	0.235353	0.293942
0.118174	0.118174	0.352531	0.41112
0.352531	0.235353	0.293942	0.118174
0.000996	0.000996	0.059585	0.938423
0.000996	0.000996	0.000996	0.997012
0.176764	0.000996	0.762655	0.059585
0.059585	0.821244	0.118174	0.000996
0.352531	0.118174	0.352531	0.176764
0.235353	0.469709	0.000996	0.293942
0.704066	0.235353	0.059585	0.000996
0.879834	0.059585	0.000996	0.059585
0.118174	0.41112	0.118174	0.352531
0.176764	0.235353	0.118174	0.469709
0.235353	0.293942	0.293942	0.176764
>V$CEBPDELTA_Q6	C/EBPdelta	8.021702323931287
0.436753	0.374502	0.187749	0.000996
0.87251	0.000996	0.000996	0.125498
0.000996	0.000996	0.000996	0.997012
0.000996	0.000996	0.063247	0.934761
0.187749	0.000996	0.499004	0.312251
0.000996	0.997012	0.000996	0.000996
0.25	0.125498	0.436753	0.187749
0.063247	0.25	0.125498	0.561255
0.374502	0.499004	0.000996	0.125498
0.748008	0.187749	0.000996	0.063247
0.000996	0.499004	0.063247	0.436753
0.125498	0.374502	0.000996	0.499004
>V$CEBPGAMMA_Q6	C/EBPgamma	9.172465272566445
0.143284	0.570148	0.000996	0.285572
0.000996	0.285572	0.000996	0.712436
0.000996	0.42786	0.285572	0.285572
0.997012	0.000996	0.000996	0.000996
0.000996	0.285572	0.000996	0.712436
0.000996	0.000996	0.285572	0.712436
0.285572	0.000996	0.000996	0.712436
0.285572	0.712436	0.000996	0.000996
0.854724	0.000996	0.000996	0.143284
0.42786	0.143284	0.42786	0.000996
0.997012	0.000996	0.000996	0.000996
0.712436	0.000996	0.143284	0.143284
0.42786	0.143284	0.000996	0.42786
>V$CACBINDINGPROTEIN_Q6	CAC-binding protein	7.335946286300221
0.285572	0.000996	0.712436	0.000996
0.570148	0.000996	0.42786	0.000996
0.000996	0.000996	0.854724	0.143284
0.000996	0.000996	0.997012	0.000996
0.000996	0.42786	0.570148	0.000996
0.285572	0.000996	0.000996	0.712436
0.000996	0.000996	0.997012	0.000996
0.000996	0.000996	0.997012	0.000996
0.000996	0.285572	0.712436	0.000996
>V$CACCCBINDINGFACTOR_Q6	CACCC-binding factor	11.20580446989869
0.000996	0.854724	0.000996	0.143284
0.712436	0.000996	0.285572	0.000996
0.285572	0.143284	0.285572	0.285572
0.000996	0.712436	0.143284	0.143284
0.285572	0.570148	0.143284	0.000996
0.143284	0.42786	0.143284	0.285572
0.143284	0.285572	0.285572	0.285572
